Inician pruebas
Poblaciones iniciales
Poblacion:  [2, 694, 75, 0.021, 553, 200, 1, 0.051]
Poblacion:  [3, 197, 57, 0.005, 114, 81, 4, 0.122]
Poblacion:  [2, 401, 73, 0.033, 146, 71, 4, 0.13]
Poblacion:  [2, 156, 33, 0.039, 115, 15, 2, 0.16]
Poblacion:  [5, 166, 23, 0.029, 162, 12, 3, 0.366]
Poblacion:  [4, 711, 45, 0.013, 72, 100, 5, 0.14]
Poblacion:  [1, 80, 73, 0.011, 48, 18, 4, 0.412]
Poblacion:  [2, 774, 26, 0.041, 709, 378, 3, 0.446]
Poblacion:  [5, 555, 83, 0.038, 255, 197, 5, 0.024]
Poblacion:  [5, 246, 92, 0.013, 21, 76, 4, 0.167]
Generacion #:  1
Poblaciones nuevas
Poblacion :  [5, 694, 75, 0.021, 553, 200, 1, 0.051]
Poblacion :  [2, 555, 83, 0.038, 255, 197, 5, 0.024]
Poblacion :  [4, 711, 45, 0.013, 72, 100, 4, 0.167]
Poblacion :  [5, 246, 92, 0.013, 21, 76, 5, 0.14]
Poblacion :  [2, 401, 73, 0.033, 146, 71, 4, 0.13]
Poblacion :  [4, 32, 63, 0.019, 17, 4, 3, 0.146]
Poblacion :  [4, 842, 14, 0.008, 660, 270, 2, 0.479]
Poblacion :  [4, 634, 34, 0.04, 591, 163, 3, 0.413]
Poblacion :  [1, 315, 33, 0.037, 277, 100, 1, 0.424]
Poblacion :  [1, 574, 77, 0.036, 511, 140, 5, 0.387]
Mejor individuo de la poblacion: 
[5, 694, 75, 0.021, 553, 200, 1, 0.051] [62, 644.2334609031677]
Generacion #:  2
Poblaciones nuevas
Poblacion :  [5, 694, 75, 0.021, 553, 200, 1, 0.479]
Poblacion :  [4, 842, 14, 0.008, 660, 270, 2, 0.051]
Poblacion :  [4, 634, 34, 0.04, 591, 163, 3, 0.167]
Poblacion :  [4, 711, 45, 0.013, 72, 100, 4, 0.413]
Poblacion :  [5, 246, 92, 0.013, 21, 76, 5, 0.14]
Poblacion :  [3, 246, 21, 0.009, 112, 102, 4, 0.375]
Poblacion :  [4, 138, 33, 0.037, 59, 39, 4, 0.049]
Poblacion :  [2, 69, 48, 0.002, 68, 22, 5, 0.02]
Poblacion :  [3, 791, 51, 0.02, 119, 141, 5, 0.028]
Poblacion :  [2, 620, 53, 0.032, 455, 171, 5, 0.404]
Mejor individuo de la poblacion: 
[5, 694, 75, 0.021, 553, 200, 1, 0.479] [62, 829.6437919139862]
Generacion #:  3
Poblaciones nuevas
Poblacion :  [5, 694, 75, 0.008, 660, 270, 2, 0.051]
Poblacion :  [4, 842, 14, 0.021, 553, 200, 1, 0.479]
Poblacion :  [4, 634, 34, 0.04, 591, 163, 5, 0.028]
Poblacion :  [3, 791, 51, 0.02, 119, 141, 3, 0.167]
Poblacion :  [3, 246, 21, 0.009, 112, 102, 4, 0.375]
Poblacion :  [3, 253, 75, 0.03, 98, 39, 4, 0.343]
Poblacion :  [3, 841, 38, 0.025, 760, 402, 4, 0.402]
Poblacion :  [5, 587, 79, 0.028, 45, 234, 3, 0.077]
Poblacion :  [3, 51, 70, 0.031, 1, 24, 4, 0.475]
Poblacion :  [2, 817, 11, 0.041, 504, 202, 2, 0.338]
Mejor individuo de la poblacion: 
[5, 694, 75, 0.008, 660, 270, 2, 0.051] [62, 838.3792276382446]
Generacion #:  4
Poblaciones nuevas
Poblacion :  [5, 694, 38, 0.025, 760, 402, 4, 0.402]
Poblacion :  [3, 841, 75, 0.008, 660, 270, 2, 0.051]
Poblacion :  [5, 587, 79, 0.028, 45, 141, 3, 0.167]
Poblacion :  [3, 791, 51, 0.02, 119, 234, 3, 0.077]
Poblacion :  [3, 253, 75, 0.03, 98, 39, 4, 0.343]
Poblacion :  [4, 343, 88, 0.047, 173, 149, 1, 0.186]
Poblacion :  [1, 389, 69, 0.006, 192, 1, 2, 0.411]
Poblacion :  [4, 401, 40, 0.03, 99, 30, 5, 0.203]
Poblacion :  [3, 691, 47, 0.037, 182, 271, 3, 0.44]
Poblacion :  [3, 736, 44, 0.023, 128, 151, 1, 0.142]
Mejor individuo de la poblacion: 
[5, 694, 38, 0.025, 760, 402, 4, 0.402] [62, 967.3905048370361]
Generacion #:  5
Poblaciones nuevas
Poblacion :  [5, 694, 38, 0.025, 760, 270, 2, 0.051]
Poblacion :  [3, 841, 75, 0.008, 660, 402, 4, 0.402]
Poblacion :  [5, 587, 47, 0.037, 182, 271, 3, 0.44]
Poblacion :  [3, 691, 79, 0.028, 45, 141, 3, 0.167]
Poblacion :  [4, 343, 88, 0.047, 173, 149, 1, 0.186]
Poblacion :  [3, 931, 74, 0.027, 524, 158, 2, 0.376]
Poblacion :  [3, 936, 89, 0.041, 185, 29, 1, 0.366]
Poblacion :  [3, 483, 61, 0.005, 324, 161, 3, 0.365]
Poblacion :  [2, 101, 25, 0.001, 85, 38, 5, 0.015]
Poblacion :  [3, 644, 26, 0.026, 539, 4, 4, 0.492]
Mejor individuo de la poblacion: 
[3, 841, 75, 0.008, 660, 402, 4, 0.402] [62, 977.2615637779236]
Generacion #:  6
Poblaciones nuevas
Poblacion :  [3, 841, 75, 0.008, 660, 402, 4, 0.051]
Poblacion :  [5, 694, 38, 0.025, 760, 270, 2, 0.402]
Poblacion :  [3, 931, 74, 0.027, 524, 271, 3, 0.44]
Poblacion :  [5, 587, 47, 0.037, 182, 158, 2, 0.376]
Poblacion :  [3, 936, 89, 0.041, 185, 29, 1, 0.366]
Poblacion :  [3, 636, 100, 0.026, 368, 300, 3, 0.09]
Poblacion :  [3, 806, 78, 0.038, 306, 396, 1, 0.183]
Poblacion :  [3, 903, 27, 0.026, 165, 277, 2, 0.298]
Poblacion :  [5, 522, 78, 0.039, 303, 62, 2, 0.361]
Poblacion :  [2, 754, 95, 0.023, 147, 358, 3, 0.167]
Mejor individuo de la poblacion: 
[3, 806, 78, 0.038, 306, 396, 1, 0.183] [62, 512.7280235290527]
Generacion #:  7
Poblaciones nuevas
Poblacion :  [3, 806, 78, 0.038, 306, 396, 2, 0.402]
Poblacion :  [5, 694, 38, 0.025, 760, 270, 1, 0.183]
Poblacion :  [2, 754, 95, 0.023, 147, 358, 3, 0.361]
Poblacion :  [5, 522, 78, 0.039, 303, 62, 2, 0.167]
Poblacion :  [5, 587, 47, 0.037, 182, 158, 2, 0.376]
Poblacion :  [3, 296, 42, 0.03, 172, 21, 2, 0.381]
Poblacion :  [2, 821, 90, 0.018, 45, 354, 1, 0.113]
Poblacion :  [5, 17, 62, 0.015, 15, 6, 3, 0.098]
Poblacion :  [2, 881, 16, 0.02, 24, 233, 2, 0.423]
Poblacion :  [5, 886, 18, 0.045, 24, 223, 3, 0.435]
Mejor individuo de la poblacion: 
[3, 806, 78, 0.038, 306, 396, 2, 0.402] [62, 513.4679081439972]
Generacion #:  8
Poblaciones nuevas
Poblacion :  [3, 806, 38, 0.025, 760, 270, 1, 0.183]
Poblacion :  [5, 694, 78, 0.038, 306, 396, 2, 0.402]
Poblacion :  [2, 754, 78, 0.039, 303, 62, 2, 0.167]
Poblacion :  [5, 522, 95, 0.023, 147, 358, 3, 0.361]
Poblacion :  [5, 587, 47, 0.037, 182, 158, 2, 0.376]
Poblacion :  [1, 563, 29, 0.048, 339, 84, 5, 0.099]
Poblacion :  [2, 545, 77, 0.043, 128, 63, 3, 0.148]
Poblacion :  [4, 634, 52, 0.048, 538, 133, 3, 0.185]
Poblacion :  [1, 876, 66, 0.033, 547, 352, 3, 0.069]
Poblacion :  [2, 960, 30, 0.022, 421, 376, 2, 0.214]
Mejor individuo de la poblacion: 
[5, 522, 95, 0.023, 147, 358, 3, 0.361] [62, 19755.386705875397]
Generacion #:  9
Poblaciones nuevas
Poblacion :  [5, 522, 95, 0.023, 147, 358, 2, 0.402]
Poblacion :  [5, 694, 78, 0.038, 306, 396, 3, 0.361]
Poblacion :  [2, 960, 30, 0.048, 538, 133, 3, 0.185]
Poblacion :  [4, 634, 52, 0.022, 421, 376, 2, 0.214]
Poblacion :  [5, 587, 47, 0.037, 182, 158, 2, 0.376]
Poblacion :  [1, 997, 31, 0.035, 592, 55, 1, 0.229]
Poblacion :  [1, 824, 20, 0.045, 584, 306, 3, 0.266]
Poblacion :  [4, 400, 18, 0.05, 273, 169, 4, 0.306]
Poblacion :  [5, 480, 16, 0.048, 412, 168, 1, 0.202]
Poblacion :  [4, 583, 74, 0.024, 187, 35, 1, 0.249]
Mejor individuo de la poblacion: 
[5, 694, 78, 0.038, 306, 396, 3, 0.361] [62, 1443.943557024002]
Generacion #:  10
Poblaciones nuevas
Poblacion :  [5, 694, 78, 0.022, 421, 376, 2, 0.214]
Poblacion :  [4, 634, 52, 0.038, 306, 396, 3, 0.361]
Poblacion :  [5, 522, 95, 0.037, 182, 158, 2, 0.376]
Poblacion :  [5, 587, 47, 0.023, 147, 358, 2, 0.402]
Poblacion :  [5, 480, 16, 0.048, 412, 168, 1, 0.202]
Poblacion :  [5, 730, 71, 0.039, 254, 352, 3, 0.455]
Poblacion :  [4, 841, 60, 0.019, 615, 397, 2, 0.354]
Poblacion :  [3, 836, 22, 0.025, 777, 314, 3, 0.388]
Poblacion :  [1, 434, 88, 0.031, 82, 37, 4, 0.179]
Poblacion :  [5, 423, 97, 0.049, 388, 160, 2, 0.422]
Mejor individuo de la poblacion: 
[5, 694, 78, 0.022, 421, 376, 2, 0.214] [62, 1425.9590966701508]
Generacion #:  11
Poblaciones nuevas
Poblacion :  [5, 841, 60, 0.019, 615, 397, 2, 0.354]
Poblacion :  [4, 694, 78, 0.022, 421, 376, 2, 0.214]
Poblacion :  [4, 634, 71, 0.039, 254, 352, 3, 0.455]
Poblacion :  [5, 730, 52, 0.038, 306, 396, 3, 0.361]
Poblacion :  [5, 587, 47, 0.023, 147, 358, 2, 0.402]
Poblacion :  [4, 543, 65, 0.026, 530, 259, 1, 0.114]
Poblacion :  [4, 937, 64, 0.009, 851, 29, 1, 0.091]
Poblacion :  [2, 524, 55, 0.031, 309, 183, 3, 0.17]
Poblacion :  [1, 998, 72, 0.043, 414, 386, 4, 0.143]
Poblacion :  [4, 848, 40, 0.039, 759, 277, 4, 0.011]
Mejor individuo de la poblacion: 
[4, 694, 78, 0.022, 421, 376, 2, 0.214] [62, 1163.3966662883759]
Generacion #:  12
Poblaciones nuevas
Poblacion :  [4, 694, 78, 0.039, 254, 352, 3, 0.455]
Poblacion :  [4, 634, 71, 0.022, 421, 376, 2, 0.214]
Poblacion :  [4, 848, 40, 0.039, 147, 358, 2, 0.402]
Poblacion :  [5, 587, 47, 0.023, 759, 277, 4, 0.011]
Poblacion :  [4, 937, 64, 0.009, 851, 29, 1, 0.091]
Poblacion :  [3, 429, 72, 0.024, 388, 213, 1, 0.411]
Poblacion :  [4, 126, 65, 0.037, 114, 16, 2, 0.403]
Poblacion :  [3, 783, 97, 0.04, 580, 241, 4, 0.181]
Poblacion :  [4, 484, 44, 0.031, 313, 110, 2, 0.146]
Poblacion :  [1, 52, 34, 0.016, 10, 18, 4, 0.076]
Mejor individuo de la poblacion: 
[4, 634, 71, 0.022, 421, 376, 2, 0.214] [62, 1059.5372705459595]
Generacion #:  13
Poblaciones nuevas
Poblacion :  [4, 634, 71, 0.022, 421, 376, 2, 0.011]
Poblacion :  [5, 587, 47, 0.023, 759, 277, 4, 0.214]
Poblacion :  [4, 783, 97, 0.04, 580, 241, 4, 0.181]
Poblacion :  [3, 694, 78, 0.039, 254, 352, 3, 0.455]
Poblacion :  [4, 848, 40, 0.039, 147, 358, 2, 0.402]
Poblacion :  [3, 751, 11, 0.006, 204, 10, 4, 0.214]
Poblacion :  [1, 37, 57, 0.002, 33, 9, 2, 0.162]
Poblacion :  [1, 510, 62, 0.01, 273, 125, 2, 0.5]
Poblacion :  [5, 679, 57, 0.044, 407, 338, 1, 0.064]
Poblacion :  [2, 427, 42, 0.028, 31, 32, 4, 0.293]
Mejor individuo de la poblacion: 
[4, 634, 71, 0.022, 421, 376, 2, 0.011] [62, 758.938618183136]
Generacion #:  14
Poblaciones nuevas
Poblacion :  [4, 634, 71, 0.022, 421, 376, 2, 0.181]
Poblacion :  [4, 783, 97, 0.04, 580, 241, 4, 0.011]
Poblacion :  [5, 679, 78, 0.039, 254, 352, 3, 0.455]
Poblacion :  [3, 694, 57, 0.044, 407, 338, 1, 0.064]
Poblacion :  [4, 848, 40, 0.039, 147, 358, 2, 0.402]
Poblacion :  [3, 207, 13, 0.01, 15, 65, 5, 0.245]
Poblacion :  [5, 943, 77, 0.047, 599, 88, 3, 0.039]
Poblacion :  [4, 492, 29, 0.012, 116, 115, 2, 0.134]
Poblacion :  [1, 909, 30, 0.025, 63, 217, 4, 0.218]
Poblacion :  [4, 900, 46, 0.043, 313, 32, 2, 0.44]
Mejor individuo de la poblacion: 
[4, 783, 97, 0.04, 580, 241, 4, 0.011] [62, 691.6113858222961]
Generacion #:  15
Poblaciones nuevas
Poblacion :  [4, 783, 97, 0.039, 254, 352, 3, 0.455]
Poblacion :  [5, 679, 78, 0.04, 580, 241, 4, 0.011]
Poblacion :  [4, 848, 40, 0.039, 147, 358, 2, 0.44]
Poblacion :  [4, 900, 46, 0.043, 313, 32, 2, 0.402]
Poblacion :  [4, 492, 29, 0.012, 116, 115, 2, 0.134]
Poblacion :  [1, 100, 99, 0.008, 68, 12, 3, 0.374]
Poblacion :  [3, 436, 86, 0.043, 148, 51, 4, 0.472]
Poblacion :  [1, 594, 54, 0.005, 538, 84, 4, 0.163]
Poblacion :  [1, 112, 50, 0.024, 21, 13, 3, 0.12]
Poblacion :  [4, 570, 15, 0.049, 154, 272, 1, 0.204]
Mejor individuo de la poblacion: 
[5, 679, 78, 0.04, 580, 241, 4, 0.011] [62, 555.3323574066162]
Generacion #:  16
Poblaciones nuevas
Poblacion :  [5, 783, 97, 0.039, 254, 352, 3, 0.455]
Poblacion :  [4, 679, 78, 0.04, 580, 241, 4, 0.011]
Poblacion :  [4, 848, 40, 0.039, 313, 32, 2, 0.402]
Poblacion :  [4, 900, 46, 0.043, 147, 358, 2, 0.44]
Poblacion :  [3, 436, 86, 0.043, 148, 51, 4, 0.472]
Poblacion :  [4, 620, 38, 0.004, 475, 284, 1, 0.112]
Poblacion :  [4, 359, 16, 0.029, 157, 30, 5, 0.45]
Poblacion :  [2, 633, 83, 0.043, 418, 312, 5, 0.324]
Poblacion :  [2, 989, 47, 0.046, 103, 128, 3, 0.352]
Poblacion :  [5, 732, 63, 0.047, 218, 254, 4, 0.182]
Mejor individuo de la poblacion: 
[5, 783, 97, 0.039, 254, 352, 3, 0.455] [62, 664.4493536949158]
Generacion #:  17
Poblaciones nuevas
Poblacion :  [5, 783, 97, 0.04, 580, 241, 4, 0.011]
Poblacion :  [4, 679, 78, 0.039, 254, 352, 3, 0.455]
Poblacion :  [5, 732, 38, 0.004, 475, 284, 1, 0.112]
Poblacion :  [4, 620, 63, 0.047, 218, 254, 4, 0.182]
Poblacion :  [4, 900, 46, 0.043, 147, 358, 2, 0.44]
Poblacion :  [4, 184, 54, 0.019, 139, 28, 2, 0.271]
Poblacion :  [3, 484, 85, 0.049, 267, 187, 1, 0.122]
Poblacion :  [2, 351, 90, 0.041, 31, 121, 3, 0.087]
Poblacion :  [2, 944, 46, 0.017, 822, 246, 4, 0.139]
Poblacion :  [5, 15, 51, 0.007, 13, 7, 4, 0.413]
Mejor individuo de la poblacion: 
[5, 783, 97, 0.04, 580, 241, 4, 0.011] [62, 714.0026259422302]
Generacion #:  18
Poblaciones nuevas
Poblacion :  [5, 783, 78, 0.039, 254, 352, 3, 0.455]
Poblacion :  [4, 679, 97, 0.04, 580, 241, 4, 0.011]
Poblacion :  [5, 732, 38, 0.004, 475, 284, 1, 0.139]
Poblacion :  [2, 944, 46, 0.017, 822, 246, 4, 0.112]
Poblacion :  [4, 900, 46, 0.043, 147, 358, 2, 0.44]
Poblacion :  [4, 488, 17, 0.018, 406, 123, 1, 0.252]
Poblacion :  [4, 504, 24, 0.044, 229, 154, 5, 0.393]
Poblacion :  [5, 466, 78, 0.025, 260, 85, 4, 0.118]
Poblacion :  [5, 125, 20, 0.021, 71, 37, 2, 0.347]
Poblacion :  [5, 227, 53, 0.019, 139, 43, 5, 0.111]
Mejor individuo de la poblacion: 
[4, 679, 97, 0.04, 580, 241, 4, 0.011] [62, 552.0918827056885]
Generacion #:  19
Poblaciones nuevas
Poblacion :  [4, 679, 38, 0.004, 475, 284, 1, 0.139]
Poblacion :  [5, 732, 97, 0.04, 580, 241, 4, 0.011]
Poblacion :  [2, 944, 46, 0.017, 822, 246, 4, 0.118]
Poblacion :  [5, 466, 78, 0.025, 260, 85, 4, 0.112]
Poblacion :  [4, 504, 24, 0.044, 229, 154, 5, 0.393]
Poblacion :  [1, 596, 61, 0.018, 384, 117, 1, 0.105]
Poblacion :  [3, 298, 61, 0.042, 162, 129, 4, 0.3]
Poblacion :  [5, 188, 18, 0.013, 14, 12, 5, 0.42]
Poblacion :  [1, 184, 69, 0.025, 78, 11, 5, 0.226]
Poblacion :  [5, 14, 93, 0.029, 7, 5, 2, 0.107]
Mejor individuo de la poblacion: 
[5, 732, 97, 0.04, 580, 241, 4, 0.011] [62, 702.9283719062805]
Generacion #:  20
Poblaciones nuevas
Poblacion :  [5, 732, 97, 0.04, 580, 241, 4, 0.139]
Poblacion :  [4, 679, 38, 0.004, 475, 284, 1, 0.011]
Poblacion :  [2, 944, 78, 0.025, 260, 85, 4, 0.112]
Poblacion :  [5, 466, 46, 0.017, 822, 246, 4, 0.118]
Poblacion :  [3, 298, 61, 0.042, 162, 129, 4, 0.3]
Poblacion :  [5, 854, 47, 0.019, 198, 301, 3, 0.209]
Poblacion :  [3, 875, 96, 0.026, 805, 231, 4, 0.204]
Poblacion :  [4, 373, 98, 0.007, 244, 168, 1, 0.03]
Poblacion :  [4, 76, 50, 0.038, 14, 23, 4, 0.316]
Poblacion :  [4, 483, 16, 0.014, 475, 129, 4, 0.481]
Mejor individuo de la poblacion: 
[5, 732, 97, 0.04, 580, 241, 4, 0.139] [62, 704.2671463489532]
--- Tiempo ejercucion tester: 77499.79892587662  ---
[[5, 732, 97, 0.04, 580, 241, 4, 0.139], [62, 704.2671463489532]]