C:\Users\DanielHernandezCuero\Documents\GeneticAlgorithm>python tester.py
Inician pruebas
Poblaciones iniciales
Poblacion:  [3, 421, 44, 0.022, 56, 202, 2, 0.11]
Poblacion:  [2, 870, 14, 0.046, 257, 363, 4, 0.482]
Poblacion:  [5, 25, 67, 0.015, 11, 4, 1, 0.265]
Poblacion:  [3, 116, 40, 0.002, 13, 58, 3, 0.277]
Poblacion:  [5, 256, 52, 0.027, 114, 29, 2, 0.341]
Poblacion:  [3, 792, 100, 0.012, 611, 141, 2, 0.224]
Poblacion:  [1, 548, 64, 0.013, 172, 177, 3, 0.054]
Poblacion:  [1, 789, 78, 0.042, 378, 175, 5, 0.357]
Poblacion:  [3, 336, 21, 0.032, 69, 25, 2, 0.497]
Poblacion:  [5, 968, 84, 0.014, 778, 160, 1, 0.358]
Generacion #:  1
Poblaciones nuevas
Poblacion :  [5, 968, 84, 0.012, 611, 141, 2, 0.224]
Poblacion :  [3, 792, 100, 0.014, 778, 160, 1, 0.358]
Poblacion :  [1, 789, 78, 0.042, 378, 175, 5, 0.482]
Poblacion :  [2, 870, 14, 0.046, 257, 363, 4, 0.357]
Poblacion :  [5, 256, 52, 0.027, 114, 29, 2, 0.341]
Poblacion :  [1, 143, 30, 0.046, 91, 44, 4, 0.385]
Poblacion :  [2, 606, 56, 0.004, 217, 289, 1, 0.362]
Poblacion :  [5, 184, 57, 0.018, 154, 50, 1, 0.168]
Poblacion :  [4, 114, 98, 0.004, 84, 51, 1, 0.33]
Poblacion :  [4, 931, 92, 0.028, 281, 263, 4, 0.331]
Mejor individuo de la poblacion:
[4, 931, 92, 0.028, 281, 263, 4, 0.331] [62, 942.1568014621735]
Generacion #:  2
Poblaciones nuevas
Poblacion :  [4, 931, 92, 0.014, 778, 160, 1, 0.358]
Poblacion :  [3, 792, 100, 0.028, 281, 263, 4, 0.331]
Poblacion :  [5, 968, 84, 0.012, 611, 141, 1, 0.362]
Poblacion :  [2, 606, 56, 0.004, 217, 289, 2, 0.224]
Poblacion :  [1, 789, 78, 0.042, 378, 175, 5, 0.482]
Poblacion :  [4, 529, 89, 0.016, 235, 201, 4, 0.204]
Poblacion :  [1, 508, 98, 0.01, 467, 141, 4, 0.35]
Poblacion :  [1, 934, 75, 0.027, 50, 39, 1, 0.327]
Poblacion :  [2, 106, 82, 0.006, 55, 50, 3, 0.015]
Poblacion :  [4, 232, 63, 0.002, 165, 20, 3, 0.142]
Mejor individuo de la poblacion:
[4, 931, 92, 0.014, 778, 160, 1, 0.358] [62, 972.0401227474213]
Generacion #:  3
Poblaciones nuevas
Poblacion :  [4, 931, 92, 0.014, 778, 160, 1, 0.362]
Poblacion :  [5, 968, 84, 0.012, 611, 141, 1, 0.358]
Poblacion :  [3, 792, 100, 0.016, 235, 201, 4, 0.204]
Poblacion :  [4, 529, 89, 0.028, 281, 263, 4, 0.331]
Poblacion :  [2, 606, 56, 0.004, 217, 289, 2, 0.224]
Poblacion :  [5, 271, 91, 0.021, 268, 94, 2, 0.357]
Poblacion :  [3, 632, 67, 0.01, 88, 94, 2, 0.184]
Poblacion :  [3, 899, 18, 0.034, 872, 234, 4, 0.248]
Poblacion :  [1, 949, 11, 0.041, 948, 360, 3, 0.369]
Poblacion :  [3, 410, 70, 0.017, 390, 119, 3, 0.094]
Mejor individuo de la poblacion:
[4, 931, 92, 0.014, 778, 160, 1, 0.362] [62, 791.2943992614746]
Generacion #:  4
Poblaciones nuevas
Poblacion :  [4, 931, 92, 0.014, 778, 160, 1, 0.358]
Poblacion :  [5, 968, 84, 0.012, 611, 141, 1, 0.362]
Poblacion :  [4, 529, 89, 0.028, 281, 263, 4, 0.248]
Poblacion :  [3, 899, 18, 0.034, 872, 234, 4, 0.331]
Poblacion :  [2, 606, 56, 0.004, 217, 289, 2, 0.224]
Poblacion :  [3, 310, 25, 0.043, 28, 119, 2, 0.329]
Poblacion :  [1, 927, 28, 0.018, 890, 313, 3, 0.333]
Poblacion :  [5, 574, 45, 0.033, 465, 87, 5, 0.168]
Poblacion :  [2, 701, 94, 0.046, 328, 272, 3, 0.224]
Poblacion :  [4, 549, 61, 0.006, 381, 134, 4, 0.459]
Mejor individuo de la poblacion:
[4, 931, 92, 0.014, 778, 160, 1, 0.358] [62, 409.04873538017273]
Generacion #:  5
Poblaciones nuevas
Poblacion :  [4, 931, 84, 0.012, 611, 141, 1, 0.362]
Poblacion :  [5, 968, 92, 0.014, 778, 160, 1, 0.358]
Poblacion :  [4, 529, 94, 0.046, 328, 272, 3, 0.224]
Poblacion :  [2, 701, 89, 0.028, 281, 263, 4, 0.248]
Poblacion :  [4, 549, 61, 0.006, 381, 134, 4, 0.459]
Poblacion :  [1, 18, 51, 0.05, 9, 7, 1, 0.314]
Poblacion :  [1, 137, 75, 0.008, 25, 13, 2, 0.263]
Poblacion :  [5, 339, 24, 0.042, 122, 125, 4, 0.034]
Poblacion :  [3, 638, 82, 0.044, 34, 180, 3, 0.424]
Poblacion :  [3, 167, 16, 0.018, 31, 64, 2, 0.418]
Mejor individuo de la poblacion:
[4, 529, 94, 0.046, 328, 272, 3, 0.224] [62, 574.5051472187042]
Generacion #:  6
Poblaciones nuevas
Poblacion :  [4, 968, 92, 0.014, 778, 160, 1, 0.358]
Poblacion :  [5, 529, 94, 0.046, 328, 272, 3, 0.224]
Poblacion :  [4, 931, 84, 0.012, 381, 134, 4, 0.459]
Poblacion :  [4, 549, 61, 0.006, 611, 141, 1, 0.362]
Poblacion :  [3, 638, 82, 0.044, 34, 180, 3, 0.424]
Poblacion :  [5, 30, 83, 0.022, 19, 14, 4, 0.052]
Poblacion :  [3, 239, 78, 0.045, 22, 63, 5, 0.253]
Poblacion :  [3, 377, 41, 0.016, 90, 32, 5, 0.4]
Poblacion :  [1, 129, 45, 0.005, 35, 11, 3, 0.436]
Poblacion :  [4, 620, 41, 0.021, 239, 257, 1, 0.432]
Mejor individuo de la poblacion:
[5, 529, 94, 0.046, 328, 272, 3, 0.224] [62, 726.0605404376984]
Generacion #:  7
Poblaciones nuevas
Poblacion :  [5, 529, 94, 0.046, 328, 272, 3, 0.459]
Poblacion :  [4, 931, 84, 0.012, 381, 134, 4, 0.224]
Poblacion :  [4, 549, 61, 0.006, 611, 141, 1, 0.432]
Poblacion :  [4, 620, 41, 0.021, 239, 257, 1, 0.362]
Poblacion :  [3, 638, 82, 0.044, 34, 180, 3, 0.424]
Poblacion :  [4, 473, 24, 0.03, 148, 178, 3, 0.324]
Poblacion :  [5, 314, 35, 0.048, 272, 125, 3, 0.474]
Poblacion :  [5, 113, 43, 0.037, 39, 11, 4, 0.104]
Poblacion :  [1, 656, 44, 0.003, 520, 98, 2, 0.257]
Poblacion :  [3, 968, 11, 0.034, 872, 25, 1, 0.139]
Mejor individuo de la poblacion:
[5, 529, 94, 0.046, 328, 272, 3, 0.459] [62, 705.2985577583313]
Generacion #:  8
Poblaciones nuevas
Poblacion :  [5, 529, 94, 0.012, 381, 134, 4, 0.224]
Poblacion :  [4, 931, 84, 0.046, 328, 272, 3, 0.459]
Poblacion :  [4, 549, 61, 0.006, 611, 141, 1, 0.362]
Poblacion :  [4, 620, 41, 0.021, 239, 257, 1, 0.432]
Poblacion :  [3, 638, 82, 0.044, 34, 180, 3, 0.424]
Poblacion :  [4, 342, 23, 0.002, 239, 56, 2, 0.383]
Poblacion :  [2, 102, 59, 0.011, 28, 37, 4, 0.291]
Poblacion :  [2, 244, 39, 0.024, 179, 119, 3, 0.087]
Poblacion :  [2, 506, 16, 0.004, 341, 155, 1, 0.357]
Poblacion :  [1, 683, 41, 0.017, 171, 66, 5, 0.479]
Mejor individuo de la poblacion:
[4, 931, 84, 0.046, 328, 272, 3, 0.459] [62, 656.2196950912476]
Generacion #:  9
Poblaciones nuevas
Poblacion :  [4, 529, 94, 0.012, 381, 134, 4, 0.224]
Poblacion :  [5, 931, 84, 0.046, 328, 272, 3, 0.459]
Poblacion :  [4, 549, 61, 0.021, 239, 257, 1, 0.432]
Poblacion :  [4, 620, 41, 0.006, 611, 141, 1, 0.362]
Poblacion :  [3, 638, 82, 0.044, 34, 180, 3, 0.424]
Poblacion :  [2, 184, 70, 0.043, 158, 20, 5, 0.416]
Poblacion :  [3, 946, 13, 0.039, 416, 151, 1, 0.497]
Poblacion :  [5, 121, 42, 0.043, 28, 4, 4, 0.472]
Poblacion :  [4, 426, 80, 0.045, 385, 95, 1, 0.468]
Poblacion :  [5, 714, 79, 0.037, 55, 284, 2, 0.281]
Mejor individuo de la poblacion:
[5, 931, 84, 0.046, 328, 272, 3, 0.459] [62, 650.7236461639404]
Generacion #:  10
Poblaciones nuevas
Poblacion :  [5, 931, 84, 0.046, 328, 272, 1, 0.432]
Poblacion :  [4, 549, 61, 0.021, 239, 257, 3, 0.459]
Poblacion :  [4, 638, 82, 0.044, 34, 180, 3, 0.424]
Poblacion :  [3, 620, 41, 0.006, 611, 141, 1, 0.362]
Poblacion :  [3, 946, 13, 0.039, 416, 151, 1, 0.497]
Poblacion :  [1, 465, 92, 0.017, 406, 184, 4, 0.154]
Poblacion :  [3, 969, 100, 0.014, 150, 332, 1, 0.372]
Poblacion :  [5, 686, 82, 0.008, 534, 238, 2, 0.085]
Poblacion :  [4, 413, 31, 0.045, 54, 160, 4, 0.316]
Poblacion :  [5, 326, 18, 0.008, 45, 116, 5, 0.361]
Mejor individuo de la poblacion:
[5, 931, 84, 0.046, 328, 272, 1, 0.432] [62, 605.8784947395325]
Generacion #:  11
Poblaciones nuevas
Poblacion :  [5, 931, 84, 0.046, 328, 272, 1, 0.372]
Poblacion :  [3, 969, 100, 0.014, 150, 332, 1, 0.432]
Poblacion :  [4, 638, 82, 0.044, 34, 180, 3, 0.497]
Poblacion :  [3, 946, 13, 0.039, 416, 151, 1, 0.424]
Poblacion :  [4, 413, 31, 0.045, 54, 160, 4, 0.316]
Poblacion :  [1, 510, 94, 0.038, 304, 125, 2, 0.232]
Poblacion :  [4, 146, 84, 0.023, 107, 3, 1, 0.205]
Poblacion :  [1, 354, 83, 0.005, 330, 103, 5, 0.477]
Poblacion :  [1, 112, 23, 0.031, 42, 56, 1, 0.163]
Poblacion :  [3, 445, 74, 0.023, 168, 140, 5, 0.446]
Mejor individuo de la poblacion:
[5, 931, 84, 0.046, 328, 272, 1, 0.372] [62, 611.0286903381348]
Generacion #:  12
Poblaciones nuevas
Poblacion :  [5, 931, 84, 0.046, 328, 272, 1, 0.432]
Poblacion :  [3, 969, 100, 0.014, 150, 332, 1, 0.372]
Poblacion :  [4, 638, 82, 0.044, 34, 180, 5, 0.446]
Poblacion :  [3, 445, 74, 0.023, 168, 140, 3, 0.497]
Poblacion :  [1, 510, 94, 0.038, 304, 125, 2, 0.232]
Poblacion :  [5, 889, 51, 0.015, 723, 150, 4, 0.422]
Poblacion :  [1, 34, 45, 0.047, 32, 14, 1, 0.229]
Poblacion :  [1, 617, 90, 0.033, 154, 5, 1, 0.38]
Poblacion :  [4, 602, 39, 0.044, 10, 66, 5, 0.477]
Poblacion :  [1, 626, 55, 0.032, 236, 140, 2, 0.182]
Mejor individuo de la poblacion:
[5, 931, 84, 0.046, 328, 272, 1, 0.432] [62, 605.2235956192017]
Generacion #:  13
Poblaciones nuevas
Poblacion :  [5, 931, 84, 0.046, 328, 150, 4, 0.422]
Poblacion :  [5, 889, 51, 0.015, 723, 272, 1, 0.432]
Poblacion :  [4, 638, 82, 0.044, 34, 66, 5, 0.477]
Poblacion :  [4, 602, 39, 0.044, 10, 180, 5, 0.446]
Poblacion :  [1, 510, 94, 0.038, 304, 125, 2, 0.232]
Poblacion :  [5, 211, 40, 0.004, 104, 10, 4, 0.386]
Poblacion :  [4, 940, 70, 0.033, 709, 451, 4, 0.12]
Poblacion :  [2, 291, 75, 0.039, 27, 76, 4, 0.317]
Poblacion :  [1, 777, 61, 0.047, 367, 41, 1, 0.083]
Poblacion :  [1, 105, 60, 0.028, 94, 50, 3, 0.026]
Mejor individuo de la poblacion:
[4, 940, 70, 0.033, 709, 451, 4, 0.12] [62, 1595.4481387138367]
Generacion #:  14
Poblaciones nuevas
Poblacion :  [4, 889, 51, 0.015, 723, 272, 1, 0.432]
Poblacion :  [5, 940, 70, 0.033, 709, 451, 4, 0.12]
Poblacion :  [5, 931, 84, 0.046, 328, 66, 5, 0.477]
Poblacion :  [4, 638, 82, 0.044, 34, 150, 4, 0.422]
Poblacion :  [4, 602, 39, 0.044, 10, 180, 5, 0.446]
Poblacion :  [3, 195, 11, 0.047, 38, 32, 4, 0.393]
Poblacion :  [5, 912, 42, 0.027, 852, 409, 4, 0.208]
Poblacion :  [4, 565, 40, 0.003, 317, 16, 4, 0.198]
Poblacion :  [1, 896, 97, 0.002, 464, 260, 4, 0.342]
Poblacion :  [5, 536, 94, 0.044, 18, 120, 1, 0.262]
Mejor individuo de la poblacion:
[5, 536, 94, 0.044, 18, 120, 1, 0.262] [62, 19463.46139383316]
Generacion #:  15
Poblaciones nuevas
Poblacion :  [5, 536, 94, 0.044, 18, 120, 4, 0.12]
Poblacion :  [5, 940, 70, 0.033, 709, 451, 1, 0.262]
Poblacion :  [4, 889, 51, 0.015, 723, 272, 5, 0.477]
Poblacion :  [5, 931, 84, 0.046, 328, 66, 1, 0.432]
Poblacion :  [1, 896, 97, 0.002, 464, 260, 4, 0.342]
Poblacion :  [2, 892, 12, 0.004, 253, 200, 1, 0.268]
Poblacion :  [1, 951, 74, 0.034, 526, 27, 5, 0.222]
Poblacion :  [5, 516, 65, 0.029, 301, 66, 5, 0.232]
Poblacion :  [1, 126, 77, 0.009, 122, 42, 2, 0.169]
Poblacion :  [5, 475, 13, 0.013, 461, 142, 4, 0.495]
Mejor individuo de la poblacion:
[5, 940, 70, 0.033, 709, 451, 1, 0.262] [62, 3443.396154642105]
Generacion #:  16
Poblaciones nuevas
Poblacion :  [5, 940, 70, 0.033, 709, 451, 1, 0.432]
Poblacion :  [5, 931, 84, 0.046, 328, 66, 1, 0.262]
Poblacion :  [5, 536, 94, 0.044, 18, 120, 4, 0.495]
Poblacion :  [5, 475, 13, 0.013, 461, 142, 4, 0.12]
Poblacion :  [4, 889, 51, 0.015, 723, 272, 5, 0.477]
Poblacion :  [3, 408, 86, 0.036, 339, 101, 2, 0.405]
Poblacion :  [3, 467, 82, 0.046, 46, 83, 4, 0.269]
Poblacion :  [3, 547, 19, 0.033, 58, 229, 1, 0.151]
Poblacion :  [1, 804, 68, 0.032, 377, 141, 2, 0.052]
Poblacion :  [2, 59, 81, 0.023, 23, 19, 5, 0.382]
Mejor individuo de la poblacion:
[5, 940, 70, 0.033, 709, 451, 1, 0.432] [62, 3187.314285516739]
Generacion #:  17
Poblaciones nuevas
Poblacion :  [5, 940, 70, 0.015, 723, 272, 5, 0.477]
Poblacion :  [4, 889, 51, 0.033, 709, 451, 1, 0.432]
Poblacion :  [5, 931, 84, 0.046, 328, 66, 4, 0.495]
Poblacion :  [5, 536, 94, 0.044, 18, 120, 1, 0.262]
Poblacion :  [3, 467, 82, 0.046, 46, 83, 4, 0.269]
Poblacion :  [1, 338, 74, 0.017, 254, 81, 4, 0.434]
Poblacion :  [5, 405, 55, 0.042, 54, 116, 3, 0.06]
Poblacion :  [5, 351, 60, 0.032, 119, 135, 1, 0.294]
Poblacion :  [1, 305, 73, 0.032, 75, 96, 3, 0.128]
Poblacion :  [1, 426, 14, 0.012, 226, 33, 3, 0.063]
Mejor individuo de la poblacion:
[4, 889, 51, 0.033, 709, 451, 1, 0.432] [62, 1879.9232234954834]
Generacion #:  18
Poblaciones nuevas
Poblacion :  [4, 889, 51, 0.033, 723, 272, 5, 0.477]
Poblacion :  [5, 940, 70, 0.015, 709, 451, 1, 0.432]
Poblacion :  [5, 931, 84, 0.046, 46, 83, 4, 0.269]
Poblacion :  [3, 467, 82, 0.046, 328, 66, 4, 0.495]
Poblacion :  [1, 338, 74, 0.017, 254, 81, 4, 0.434]
Poblacion :  [2, 56, 58, 0.039, 53, 22, 1, 0.034]
Poblacion :  [4, 704, 93, 0.044, 470, 89, 2, 0.431]
Poblacion :  [1, 109, 16, 0.006, 94, 52, 5, 0.17]
Poblacion :  [5, 539, 88, 0.023, 177, 19, 4, 0.252]
Poblacion :  [3, 498, 99, 0.037, 255, 94, 4, 0.326]
Mejor individuo de la poblacion:
[5, 940, 70, 0.015, 709, 451, 1, 0.432] [62, 2832.438440799713]
Generacion #:  19
Poblaciones nuevas
Poblacion :  [5, 940, 70, 0.033, 723, 272, 5, 0.477]
Poblacion :  [4, 889, 51, 0.015, 709, 451, 1, 0.432]
Poblacion :  [4, 704, 93, 0.044, 46, 83, 4, 0.269]
Poblacion :  [5, 931, 84, 0.046, 470, 89, 2, 0.431]
Poblacion :  [5, 539, 88, 0.023, 177, 19, 4, 0.252]
Poblacion :  [1, 932, 95, 0.043, 466, 136, 3, 0.086]
Poblacion :  [1, 657, 11, 0.045, 607, 34, 5, 0.465]
Poblacion :  [4, 275, 24, 0.011, 174, 2, 3, 0.113]
Poblacion :  [1, 566, 75, 0.01, 436, 172, 1, 0.385]
Poblacion :  [1, 10, 59, 0.033, 6, 3, 5, 0.095]
Mejor individuo de la poblacion:
[4, 889, 51, 0.015, 709, 451, 1, 0.432] [62, 1212.456036567688]
Generacion #:  20
Poblaciones nuevas
Poblacion :  [4, 889, 51, 0.033, 723, 272, 5, 0.477]
Poblacion :  [5, 940, 70, 0.015, 709, 451, 1, 0.432]
Poblacion :  [5, 931, 84, 0.046, 470, 89, 4, 0.269]
Poblacion :  [4, 704, 93, 0.044, 46, 83, 2, 0.431]
Poblacion :  [1, 932, 95, 0.043, 466, 136, 3, 0.086]
Poblacion :  [3, 814, 19, 0.007, 754, 185, 5, 0.298]
Poblacion :  [4, 773, 59, 0.046, 366, 311, 5, 0.085]
Poblacion :  [5, 114, 22, 0.033, 108, 10, 2, 0.432]
Poblacion :  [1, 188, 31, 0.036, 181, 90, 1, 0.077]
Poblacion :  [2, 657, 81, 0.032, 287, 139, 1, 0.15]
Mejor individuo de la poblacion:
[5, 940, 70, 0.015, 709, 451, 1, 0.432] [62, 2091.821569442749]
--- Tiempo ejercucion tester: 92629.75996828079  ---
[[5, 940, 70, 0.015, 709, 451, 1, 0.432], [62, 2091.821569442749]]