Inician pruebas
Poblaciones iniciales
Poblacion:  [5, 382, 10, 0.027, 209, 132, 3, 0.316]
Poblacion:  [5, 278, 22, 0.017, 126, 26, 3, 0.034]
Poblacion:  [4, 654, 79, 0.041, 364, 256, 5, 0.057]
Poblacion:  [4, 337, 78, 0.048, 27, 167, 4, 0.096]
Poblacion:  [4, 406, 87, 0.018, 350, 125, 2, 0.104]
Poblacion:  [1, 421, 56, 0.03, 134, 45, 5, 0.196]
Poblacion:  [1, 218, 72, 0.025, 112, 16, 4, 0.217]
Poblacion:  [3, 409, 67, 0.002, 32, 186, 5, 0.337]
Poblacion:  [5, 627, 54, 0.049, 431, 268, 4, 0.344]
Poblacion:  [2, 285, 30, 0.047, 10, 14, 4, 0.017]
Generacion #:  1
Poblaciones nuevas
Poblacion :  [4, 654, 79, 0.041, 431, 268, 4, 0.344]
Poblacion :  [5, 627, 54, 0.049, 364, 256, 5, 0.057]
Poblacion :  [4, 406, 87, 0.018, 350, 167, 4, 0.096]
Poblacion :  [4, 337, 78, 0.048, 27, 125, 2, 0.104]
Poblacion :  [3, 409, 67, 0.002, 32, 186, 5, 0.337]
Poblacion :  [2, 53, 56, 0.05, 16, 9, 2, 0.275]
Poblacion :  [5, 359, 85, 0.048, 35, 134, 3, 0.481]
Poblacion :  [1, 244, 64, 0.011, 234, 16, 2, 0.134]
Poblacion :  [4, 591, 96, 0.027, 386, 217, 4, 0.445]
Poblacion :  [2, 261, 11, 0.03, 193, 64, 4, 0.174]
Mejor individuo de la poblacion:
[4, 654, 79, 0.041, 431, 268, 4, 0.344] [88, 429.24936389923096]
Generacion #:  2
Poblaciones nuevas
Poblacion :  [4, 654, 79, 0.041, 431, 217, 4, 0.445]
Poblacion :  [4, 591, 96, 0.027, 386, 268, 4, 0.344]
Poblacion :  [5, 627, 54, 0.049, 364, 256, 4, 0.096]
Poblacion :  [4, 406, 87, 0.018, 350, 167, 5, 0.057]
Poblacion :  [5, 359, 85, 0.048, 35, 134, 3, 0.481]
Poblacion :  [5, 438, 61, 0.034, 107, 124, 5, 0.303]
Poblacion :  [2, 651, 36, 0.012, 460, 265, 4, 0.377]
Poblacion :  [5, 428, 87, 0.04, 276, 155, 3, 0.136]
Poblacion :  [3, 417, 100, 0.024, 220, 29, 1, 0.346]
Poblacion :  [5, 873, 36, 0.025, 318, 316, 3, 0.186]
Mejor individuo de la poblacion:
[4, 591, 96, 0.027, 386, 268, 4, 0.344] [88, 465.09214901924133]
Generacion #:  3
Poblaciones nuevas
Poblacion :  [4, 591, 96, 0.041, 431, 217, 4, 0.445]
Poblacion :  [4, 654, 79, 0.027, 386, 268, 4, 0.344]
Poblacion :  [5, 627, 54, 0.049, 318, 316, 3, 0.186]
Poblacion :  [5, 873, 36, 0.025, 364, 256, 4, 0.096]
Poblacion :  [5, 428, 87, 0.04, 276, 155, 3, 0.136]
Poblacion :  [4, 721, 84, 0.007, 110, 111, 2, 0.129]
Poblacion :  [2, 260, 14, 0.044, 71, 5, 1, 0.453]
Poblacion :  [3, 253, 41, 0.043, 126, 66, 2, 0.44]
Poblacion :  [2, 950, 16, 0.004, 945, 402, 5, 0.138]
Poblacion :  [5, 159, 91, 0.044, 48, 9, 2, 0.483]
Mejor individuo de la poblacion:
[4, 654, 79, 0.027, 386, 268, 4, 0.344] [88, 393.8417422771454]
Generacion #:  4
Poblaciones nuevas
Poblacion :  [4, 654, 79, 0.041, 431, 217, 4, 0.445]
Poblacion :  [4, 591, 96, 0.027, 386, 268, 4, 0.344]
Poblacion :  [5, 627, 54, 0.049, 364, 256, 4, 0.096]
Poblacion :  [5, 873, 36, 0.025, 318, 316, 3, 0.186]
Poblacion :  [5, 428, 87, 0.04, 276, 155, 3, 0.136]
Poblacion :  [3, 889, 77, 0.028, 689, 30, 1, 0.454]
Poblacion :  [1, 843, 96, 0.034, 190, 187, 2, 0.267]
Poblacion :  [1, 680, 52, 0.048, 349, 268, 2, 0.378]
Poblacion :  [3, 242, 55, 0.001, 127, 119, 1, 0.316]
Poblacion :  [3, 514, 40, 0.02, 504, 97, 1, 0.281]
Mejor individuo de la poblacion:
[4, 591, 96, 0.027, 386, 268, 4, 0.344] [88, 721.0823183059692]
Generacion #:  5
Poblaciones nuevas
Poblacion :  [4, 591, 96, 0.027, 386, 268, 3, 0.186]
Poblacion :  [5, 873, 36, 0.025, 318, 316, 4, 0.344]
Poblacion :  [5, 627, 54, 0.049, 364, 256, 4, 0.445]
Poblacion :  [4, 654, 79, 0.041, 431, 217, 4, 0.096]
Poblacion :  [5, 428, 87, 0.04, 276, 155, 3, 0.136]
Poblacion :  [4, 403, 82, 0.039, 339, 140, 1, 0.362]
Poblacion :  [1, 867, 15, 0.049, 777, 68, 3, 0.352]
Poblacion :  [1, 308, 92, 0.038, 291, 15, 4, 0.477]
Poblacion :  [3, 568, 21, 0.022, 64, 192, 3, 0.209]
Poblacion :  [2, 908, 84, 0.028, 728, 415, 5, 0.072]
Mejor individuo de la poblacion:
[4, 591, 96, 0.027, 386, 268, 3, 0.186] [88, 853.1208167076111]
Generacion #:  6
Poblaciones nuevas
Poblacion :  [4, 591, 96, 0.027, 728, 415, 5, 0.072]
Poblacion :  [2, 908, 84, 0.028, 386, 268, 3, 0.186]
Poblacion :  [5, 873, 36, 0.025, 318, 316, 4, 0.344]
Poblacion :  [5, 627, 54, 0.049, 364, 256, 4, 0.445]
Poblacion :  [4, 654, 79, 0.041, 431, 217, 4, 0.096]
Poblacion :  [5, 161, 38, 0.033, 52, 13, 3, 0.288]
Poblacion :  [4, 137, 79, 0.021, 50, 59, 2, 0.231]
Poblacion :  [1, 349, 64, 0.046, 272, 95, 1, 0.468]
Poblacion :  [4, 131, 61, 0.043, 11, 35, 1, 0.072]
Poblacion :  [2, 886, 46, 0.037, 206, 322, 1, 0.066]
Mejor individuo de la poblacion:
[4, 591, 96, 0.027, 728, 415, 5, 0.072] [88, 1602.0027227401733]
Generacion #:  7
Poblaciones nuevas
Poblacion :  [4, 591, 96, 0.027, 728, 256, 4, 0.445]
Poblacion :  [5, 627, 54, 0.049, 364, 415, 5, 0.072]
Poblacion :  [4, 654, 79, 0.041, 431, 217, 4, 0.344]
Poblacion :  [5, 873, 36, 0.025, 318, 316, 4, 0.096]
Poblacion :  [2, 908, 84, 0.028, 386, 268, 3, 0.186]
Poblacion :  [4, 355, 62, 0.03, 39, 20, 4, 0.319]
Poblacion :  [5, 774, 84, 0.013, 749, 254, 2, 0.209]
Poblacion :  [2, 475, 48, 0.04, 66, 104, 2, 0.201]
Poblacion :  [1, 366, 75, 0.033, 145, 163, 3, 0.208]
Poblacion :  [4, 464, 74, 0.003, 1, 2, 4, 0.485]
Mejor individuo de la poblacion:
[5, 774, 84, 0.013, 749, 254, 2, 0.209] [88, 1420.6829195022583]
Generacion #:  8
Poblaciones nuevas
Poblacion :  [5, 774, 84, 0.013, 749, 254, 4, 0.445]
Poblacion :  [4, 591, 96, 0.027, 728, 256, 2, 0.209]
Poblacion :  [5, 627, 54, 0.041, 431, 217, 4, 0.344]
Poblacion :  [4, 654, 79, 0.049, 364, 415, 5, 0.072]
Poblacion :  [5, 873, 36, 0.025, 318, 316, 4, 0.096]
Poblacion :  [4, 996, 93, 0.005, 428, 33, 3, 0.471]
Poblacion :  [1, 822, 98, 0.045, 505, 109, 4, 0.476]
Poblacion :  [1, 344, 86, 0.024, 143, 106, 2, 0.174]
Poblacion :  [2, 455, 34, 0.015, 155, 112, 2, 0.306]
Poblacion :  [2, 489, 26, 0.019, 67, 159, 4, 0.327]
Mejor individuo de la poblacion:
[5, 774, 84, 0.013, 749, 254, 4, 0.445] [88, 845.4034276008606]
Generacion #:  9
Poblaciones nuevas
Poblacion :  [5, 774, 84, 0.049, 364, 415, 5, 0.072]
Poblacion :  [4, 654, 79, 0.013, 749, 254, 4, 0.445]
Poblacion :  [4, 591, 96, 0.027, 431, 217, 4, 0.344]
Poblacion :  [5, 627, 54, 0.041, 728, 256, 2, 0.209]
Poblacion :  [5, 873, 36, 0.025, 318, 316, 4, 0.096]
Poblacion :  [4, 772, 29, 0.019, 248, 190, 4, 0.248]
Poblacion :  [5, 38, 42, 0.019, 26, 19, 4, 0.497]
Poblacion :  [5, 600, 46, 0.013, 121, 119, 1, 0.356]
Poblacion :  [2, 482, 74, 0.012, 5, 15, 4, 0.461]
Poblacion :  [2, 360, 95, 0.034, 40, 123, 2, 0.124]
Mejor individuo de la poblacion:
[5, 774, 84, 0.049, 364, 415, 5, 0.072] [88, 985.7371816635132]
Generacion #:  10
Poblaciones nuevas
Poblacion :  [5, 774, 84, 0.049, 364, 415, 5, 0.209]
Poblacion :  [5, 627, 54, 0.041, 728, 256, 2, 0.072]
Poblacion :  [4, 654, 79, 0.025, 318, 316, 4, 0.096]
Poblacion :  [5, 873, 36, 0.013, 749, 254, 4, 0.445]
Poblacion :  [4, 591, 96, 0.027, 431, 217, 4, 0.344]
Poblacion :  [4, 406, 70, 0.032, 92, 180, 5, 0.204]
Poblacion :  [4, 488, 52, 0.04, 433, 56, 5, 0.246]
Poblacion :  [1, 188, 15, 0.017, 96, 61, 5, 0.284]
Poblacion :  [2, 718, 61, 0.048, 110, 191, 2, 0.266]
Poblacion :  [3, 780, 94, 0.016, 767, 27, 4, 0.178]
Mejor individuo de la poblacion:
[5, 774, 84, 0.049, 364, 415, 5, 0.209] [88, 1510.0178635120392]
Generacion #:  11
Poblaciones nuevas
Poblacion :  [5, 774, 54, 0.041, 728, 256, 2, 0.072]
Poblacion :  [5, 627, 84, 0.049, 364, 415, 5, 0.209]
Poblacion :  [4, 654, 79, 0.025, 318, 316, 4, 0.344]
Poblacion :  [4, 591, 96, 0.027, 431, 217, 4, 0.096]
Poblacion :  [5, 873, 36, 0.013, 749, 254, 4, 0.445]
Poblacion :  [1, 735, 10, 0.03, 215, 138, 1, 0.432]
Poblacion :  [1, 433, 92, 0.028, 311, 74, 2, 0.351]
Poblacion :  [5, 672, 11, 0.018, 467, 314, 3, 0.374]
Poblacion :  [2, 439, 41, 0.04, 413, 106, 2, 0.251]
Poblacion :  [4, 830, 38, 0.031, 440, 97, 2, 0.231]
Mejor individuo de la poblacion:
[5, 627, 84, 0.049, 364, 415, 5, 0.209] [88, 948.5908317565918]
Generacion #:  12
Poblaciones nuevas
Poblacion :  [5, 627, 84, 0.049, 728, 256, 2, 0.072]
Poblacion :  [5, 774, 54, 0.041, 364, 415, 5, 0.209]
Poblacion :  [4, 654, 96, 0.027, 431, 217, 4, 0.096]
Poblacion :  [4, 591, 79, 0.025, 318, 316, 4, 0.344]
Poblacion :  [5, 873, 36, 0.013, 749, 254, 4, 0.445]
Poblacion :  [2, 491, 54, 0.029, 471, 196, 4, 0.423]
Poblacion :  [3, 711, 11, 0.049, 136, 198, 5, 0.261]
Poblacion :  [5, 37, 44, 0.044, 25, 4, 4, 0.481]
Poblacion :  [3, 754, 59, 0.043, 608, 130, 1, 0.456]
Poblacion :  [3, 830, 24, 0.045, 830, 233, 2, 0.164]
Mejor individuo de la poblacion:
[5, 627, 84, 0.049, 728, 256, 2, 0.072] [88, 784.9345157146454]
Generacion #:  13
Poblaciones nuevas
Poblacion :  [5, 627, 54, 0.041, 364, 415, 5, 0.209]
Poblacion :  [5, 774, 84, 0.049, 728, 256, 2, 0.072]
Poblacion :  [4, 591, 79, 0.025, 318, 217, 4, 0.096]
Poblacion :  [4, 654, 96, 0.027, 431, 316, 4, 0.344]
Poblacion :  [5, 873, 36, 0.013, 749, 254, 4, 0.445]
Poblacion :  [3, 469, 56, 0.041, 132, 166, 3, 0.333]
Poblacion :  [5, 490, 62, 0.014, 466, 236, 3, 0.381]
Poblacion :  [5, 661, 39, 0.017, 258, 264, 5, 0.055]
Poblacion :  [2, 237, 60, 0.007, 90, 109, 1, 0.319]
Poblacion :  [4, 626, 52, 0.004, 229, 5, 1, 0.117]
Mejor individuo de la poblacion:
[5, 774, 84, 0.049, 728, 256, 2, 0.072] [88, 816.038072347641]
Generacion #:  14
Poblaciones nuevas
Poblacion :  [5, 774, 84, 0.027, 431, 316, 4, 0.344]
Poblacion :  [4, 654, 96, 0.049, 728, 256, 2, 0.072]
Poblacion :  [5, 873, 36, 0.013, 749, 254, 4, 0.445]
Poblacion :  [5, 627, 54, 0.041, 364, 415, 5, 0.209]
Poblacion :  [5, 490, 62, 0.014, 466, 236, 3, 0.381]
Poblacion :  [2, 199, 75, 0.041, 173, 11, 5, 0.37]
Poblacion :  [3, 928, 29, 0.047, 437, 324, 3, 0.027]
Poblacion :  [3, 543, 14, 0.037, 539, 230, 1, 0.196]
Poblacion :  [2, 485, 35, 0.026, 43, 58, 1, 0.302]
Poblacion :  [4, 554, 35, 0.024, 191, 53, 1, 0.063]
Mejor individuo de la poblacion:
[5, 774, 84, 0.027, 431, 316, 4, 0.344] [88, 742.2064228057861]
Generacion #:  15
Poblaciones nuevas
Poblacion :  [5, 774, 84, 0.027, 431, 256, 2, 0.072]
Poblacion :  [4, 654, 96, 0.049, 728, 316, 4, 0.344]
Poblacion :  [5, 627, 54, 0.041, 749, 254, 4, 0.445]
Poblacion :  [5, 873, 36, 0.013, 364, 415, 5, 0.209]
Poblacion :  [5, 490, 62, 0.014, 466, 236, 3, 0.381]
Poblacion :  [5, 217, 57, 0.024, 128, 59, 1, 0.433]
Poblacion :  [3, 596, 62, 0.011, 216, 14, 3, 0.381]
Poblacion :  [2, 830, 40, 0.043, 808, 112, 3, 0.118]
Poblacion :  [3, 491, 41, 0.019, 186, 167, 1, 0.287]
Poblacion :  [2, 979, 60, 0.039, 529, 285, 4, 0.162]
Mejor individuo de la poblacion:
[4, 654, 96, 0.049, 728, 316, 4, 0.344] [88, 1009.677717924118]
Generacion #:  16
Poblaciones nuevas
Poblacion :  [4, 654, 84, 0.027, 431, 256, 2, 0.072]
Poblacion :  [5, 774, 96, 0.049, 728, 316, 4, 0.344]
Poblacion :  [5, 627, 54, 0.041, 749, 415, 5, 0.209]
Poblacion :  [5, 873, 36, 0.013, 364, 254, 4, 0.445]
Poblacion :  [5, 490, 62, 0.014, 466, 236, 3, 0.381]
Poblacion :  [3, 12, 88, 0.016, 7, 1, 2, 0.214]
Poblacion :  [3, 868, 31, 0.002, 668, 254, 4, 0.032]
Poblacion :  [5, 834, 62, 0.013, 66, 56, 2, 0.058]
Poblacion :  [2, 443, 54, 0.04, 236, 201, 3, 0.337]
Poblacion :  [3, 147, 51, 0.025, 46, 49, 3, 0.316]
Mejor individuo de la poblacion:
[5, 774, 96, 0.049, 728, 316, 4, 0.344] [88, 1295.6506884098053]
Generacion #:  17
Poblaciones nuevas
Poblacion :  [5, 774, 96, 0.049, 728, 415, 5, 0.209]
Poblacion :  [5, 627, 54, 0.041, 749, 316, 4, 0.344]
Poblacion :  [4, 654, 84, 0.027, 431, 256, 3, 0.381]
Poblacion :  [5, 490, 62, 0.014, 466, 236, 2, 0.072]
Poblacion :  [5, 873, 36, 0.013, 364, 254, 4, 0.445]
Poblacion :  [1, 826, 79, 0.018, 669, 274, 4, 0.065]
Poblacion :  [1, 526, 25, 0.033, 361, 56, 3, 0.403]
Poblacion :  [3, 360, 57, 0.015, 78, 147, 2, 0.131]
Poblacion :  [1, 274, 100, 0.046, 190, 131, 1, 0.131]
Poblacion :  [5, 225, 46, 0.011, 5, 50, 3, 0.25]
Mejor individuo de la poblacion:
[5, 774, 96, 0.049, 728, 415, 5, 0.209] [88, 2039.1735906600952]
Generacion #:  18
Poblaciones nuevas
Poblacion :  [5, 774, 96, 0.049, 728, 415, 5, 0.344]
Poblacion :  [5, 627, 54, 0.041, 749, 316, 4, 0.209]
Poblacion :  [4, 654, 84, 0.027, 431, 256, 2, 0.072]
Poblacion :  [5, 490, 62, 0.014, 466, 236, 3, 0.381]
Poblacion :  [5, 873, 36, 0.013, 364, 254, 4, 0.445]
Poblacion :  [4, 31, 27, 0.044, 30, 4, 2, 0.084]
Poblacion :  [2, 811, 95, 0.042, 724, 95, 1, 0.241]
Poblacion :  [1, 735, 26, 0.006, 208, 295, 5, 0.306]
Poblacion :  [4, 635, 12, 0.005, 360, 138, 4, 0.089]
Poblacion :  [5, 594, 98, 0.036, 587, 59, 1, 0.442]
Mejor individuo de la poblacion:
[5, 774, 96, 0.049, 728, 415, 5, 0.344] [88, 2032.6396782398224]
Generacion #:  19
Poblaciones nuevas
Poblacion :  [5, 774, 96, 0.041, 749, 316, 4, 0.209]
Poblacion :  [5, 627, 54, 0.049, 728, 415, 5, 0.344]
Poblacion :  [4, 490, 62, 0.014, 466, 236, 3, 0.381]
Poblacion :  [5, 654, 84, 0.027, 431, 256, 2, 0.072]
Poblacion :  [5, 873, 36, 0.013, 364, 254, 4, 0.445]
Poblacion :  [1, 515, 46, 0.047, 134, 86, 2, 0.099]
Poblacion :  [2, 641, 21, 0.032, 228, 158, 5, 0.081]
Poblacion :  [3, 656, 43, 0.021, 613, 247, 4, 0.344]
Poblacion :  [3, 348, 88, 0.05, 15, 109, 1, 0.231]
Poblacion :  [5, 357, 90, 0.048, 159, 48, 1, 0.012]
Mejor individuo de la poblacion:
[5, 774, 96, 0.041, 749, 316, 4, 0.209] [88, 1319.5540652275085]
Generacion #:  20
Poblaciones nuevas
Poblacion :  [5, 774, 54, 0.049, 728, 415, 5, 0.344]
Poblacion :  [5, 627, 96, 0.041, 749, 316, 4, 0.209]
Poblacion :  [5, 654, 43, 0.021, 613, 247, 4, 0.344]
Poblacion :  [3, 656, 84, 0.027, 431, 256, 2, 0.072]
Poblacion :  [5, 873, 36, 0.013, 364, 254, 4, 0.445]
Poblacion :  [4, 683, 74, 0.038, 59, 20, 5, 0.36]
Poblacion :  [3, 30, 43, 0.014, 28, 8, 2, 0.173]
Poblacion :  [3, 739, 13, 0.024, 159, 160, 5, 0.463]
Poblacion :  [5, 638, 21, 0.01, 398, 172, 3, 0.497]
Poblacion :  [2, 366, 36, 0.009, 314, 42, 1, 0.449]
Mejor individuo de la poblacion:
[5, 627, 96, 0.041, 749, 316, 4, 0.209] [88, 1686.361849308014]
--- Tiempo ejercucion tester: 69254.36856818199  ---