Inician pruebas
Poblaciones iniciales
Poblacion:  [5, 593, 15, 0.03, 161, 4, 2, 0.398]
Poblacion:  [5, 961, 80, 0.041, 10, 403, 3, 0.059]
Poblacion:  [1, 150, 44, 0.001, 11, 22, 3, 0.159]
Poblacion:  [2, 377, 61, 0.034, 51, 149, 2, 0.011]
Poblacion:  [4, 953, 49, 0.045, 575, 399, 5, 0.144]
Poblacion:  [1, 822, 26, 0.032, 287, 231, 3, 0.039]
Poblacion:  [2, 529, 35, 0.003, 403, 224, 1, 0.106]
Poblacion:  [5, 106, 10, 0.046, 36, 28, 5, 0.304]
Poblacion:  [1, 598, 93, 0.014, 452, 107, 4, 0.087]
Poblacion:  [1, 152, 66, 0.02, 104, 61, 3, 0.098]
Coordenadas:   [[-76.48235973006896, 3.4982481246707833, 75]]
Coordenadas:   [[-76.47993883581859, 3.4910124826811795, 75]]
Coordenadas:   [[-76.4753429113741, 3.491799430647963, 75]]
Coordenadas:   [[-76.48100362557288, 3.497769538650087, 75]]
Coordenadas:   [[-76.49119267887528, 3.502333436947933, 75]]
Coordenadas:   [[-76.48985006511008, 3.5025026631800213, 75]]
Coordenadas:   [[-76.47896456532018, 3.4952494012171798, 75]]
Coordenadas:   [[-76.48134287342995, 3.4908476167544134, 75]]
Coordenadas:   [[-76.49036739833878, 3.4963902198197943, 75]]
Coordenadas:   [[-76.47859937778375, 3.4973663350622775, 72]]
Generacion #:  1
Poblaciones nuevas
Poblacion :  [4, 953, 49, 0.045, 575, 403, 3, 0.059]
Poblacion :  [5, 961, 80, 0.041, 10, 399, 5, 0.144]
Poblacion :  [2, 529, 35, 0.003, 403, 224, 4, 0.087]
Poblacion :  [1, 598, 93, 0.014, 452, 107, 1, 0.106]
Poblacion :  [5, 593, 15, 0.03, 161, 4, 2, 0.398]
Poblacion :  [5, 618, 12, 0.028, 268, 214, 2, 0.137]
Poblacion :  [4, 597, 36, 0.048, 334, 136, 2, 0.038]
Poblacion :  [3, 665, 79, 0.048, 142, 9, 5, 0.06]
Poblacion :  [5, 336, 76, 0.012, 217, 111, 5, 0.105]
Poblacion :  [4, 505, 28, 0.048, 301, 91, 1, 0.443]
Coordenadas:   [[-76.48565582831996, 3.502594477648765, 75]]
Coordenadas:   [[-76.4839930816631, 3.4910836985616025, 75]]
Coordenadas:   [[-76.48221316993619, 3.4876982272364607, 75]]
Coordenadas:   [[-76.47876021823079, 3.490530771677128, 75]]
Coordenadas:   [[-76.49207492637966, 3.452306647113307, 78]]
Coordenadas:   [[-76.47698723942534, 3.4905400147844516, 75]]
Coordenadas:   [[-76.48136816104878, 3.4905722831882517, 75]]
Coordenadas:   [[-76.48823144786091, 3.5006961255194304, 75]]
Coordenadas:   [[-76.47807640508871, 3.4878344021649297, 75]]
Coordenadas:   [[-76.48792424317566, 3.499116902649624, 75]]
Poblaciones Evaluadas
Poblacion :  [4, 953, 49, 0.045, 575, 403, 3, 0.059] Valor Aptitud :  [75, 1070.2705519199371]
Poblacion :  [5, 961, 80, 0.041, 10, 399, 5, 0.144] Valor Aptitud :  [75, 797.4880213737488]
Poblacion :  [2, 529, 35, 0.003, 403, 224, 4, 0.087] Valor Aptitud :  [75, 132.42072820663452]
Poblacion :  [1, 598, 93, 0.014, 452, 107, 1, 0.106] Valor Aptitud :  [75, 130.70461010932922]
Poblacion :  [5, 593, 15, 0.03, 161, 4, 2, 0.398] Valor Aptitud :  [78, 93.87453603744507]
Poblacion :  [5, 618, 12, 0.028, 268, 214, 2, 0.137] Valor Aptitud :  [75, 109.11003565788269]
Poblacion :  [4, 597, 36, 0.048, 334, 136, 2, 0.038] Valor Aptitud :  [75, 215.11484909057617]
Poblacion :  [3, 665, 79, 0.048, 142, 9, 5, 0.06] Valor Aptitud :  [75, 316.8820209503174]
Poblacion :  [5, 336, 76, 0.012, 217, 111, 5, 0.105] Valor Aptitud :  [75, 302.7837424278259]
Poblacion :  [4, 505, 28, 0.048, 301, 91, 1, 0.443] Valor Aptitud :  [75, 128.94570016860962]
Mejor individuo de la poblacion:
[5, 593, 15, 0.03, 161, 4, 2, 0.398] [78, 93.87453603744507]
Generacion #:  2
Poblaciones nuevas
Poblacion :  [5, 593, 15, 0.03, 161, 403, 3, 0.059]
Poblacion :  [4, 953, 49, 0.045, 575, 4, 2, 0.398]
Poblacion :  [5, 961, 80, 0.041, 10, 399, 5, 0.06]
Poblacion :  [3, 665, 79, 0.048, 142, 9, 5, 0.144]
Poblacion :  [5, 336, 76, 0.012, 217, 111, 5, 0.105]
Poblacion :  [3, 642, 61, 0.017, 311, 125, 5, 0.158]
Poblacion :  [1, 213, 97, 0.013, 204, 56, 4, 0.493]
Poblacion :  [5, 965, 94, 0.022, 641, 206, 1, 0.242]
Poblacion :  [1, 883, 73, 0.014, 796, 205, 5, 0.19]
Poblacion :  [4, 882, 50, 0.036, 9, 278, 2, 0.166]
Coordenadas:   [[-76.48816083519469, 3.4948258477199, 75]]
Coordenadas:   [[-76.481363515824, 3.4871591014075896, 75]]
Coordenadas:   [[-76.47842940747898, 3.4897985944451007, 75]]
Coordenadas:   [[-76.48275946489177, 3.488747149983538, 75]]
Coordenadas:   [[-76.48338027108218, 3.4954371201551564, 75]]
Coordenadas:   [[-76.47794453038962, 3.4892036482379676, 75]]
Coordenadas:   [[-76.48559872474809, 3.491154505572863, 75]]
Coordenadas:   [[-76.47854328574479, 3.487090849330217, 75]]
Coordenadas:   [[-76.49072667361118, 3.5028776348203423, 75]]
Coordenadas:   [[-76.48469208262807, 3.4967879289012185, 75]]
Poblaciones Evaluadas
Mejor individuo de la poblacion:
[5, 965, 94, 0.022, 641, 206, 1, 0.242] [75, 1425.850394487381]
Generacion #:  3
Poblaciones nuevas
Poblacion :  [5, 961, 80, 0.041, 10, 399, 5, 0.06]
Poblacion :  [5, 965, 94, 0.022, 641, 206, 1, 0.242]
Poblacion :  [4, 953, 49, 0.036, 9, 278, 2, 0.166]
Poblacion :  [4, 882, 50, 0.045, 575, 4, 2, 0.398]
Poblacion :  [3, 665, 79, 0.048, 142, 9, 5, 0.144]
Poblacion :  [3, 920, 14, 0.015, 588, 237, 1, 0.262]
Poblacion :  [4, 766, 64, 0.03, 363, 79, 1, 0.493]
Poblacion :  [3, 665, 60, 0.014, 112, 139, 1, 0.457]
Poblacion :  [1, 735, 100, 0.048, 509, 231, 1, 0.262]
Poblacion :  [3, 83, 15, 0.045, 14, 29, 4, 0.219]
Coordenadas:   [[-76.48457125331109, 3.495400487977301, 75]]
Coordenadas:   [[-76.48311277665148, 3.4885667226242654, 75]]
Coordenadas:   [[-76.49028658308472, 3.501356495181485, 75]]
Coordenadas:   [[-76.48988909484608, 3.5033297759351374, 75]]
Coordenadas:   [[-76.47873169269415, 3.485960856106246, 75]]
Coordenadas:   [[-76.48727865095671, 3.493073092135507, 75]]
Coordenadas:   [[-76.48145307534162, 3.490990534809811, 75]]
Coordenadas:   [[-76.48940596442678, 3.5018595848697016, 75]]
Coordenadas:   [[-76.48064638415643, 3.4940980559531565, 75]]
Coordenadas:   [[-76.47988880602978, 3.487788120237964, 75]]
Poblaciones Evaluadas
Mejor individuo de la poblacion:
[5, 965, 94, 0.022, 641, 206, 1, 0.242] [75, 1430.5140962600708]
Generacion #:  4
Poblaciones nuevas
Poblacion :  [5, 965, 80, 0.041, 10, 399, 5, 0.06]
Poblacion :  [5, 961, 94, 0.022, 641, 206, 1, 0.242]
Poblacion :  [4, 766, 64, 0.03, 363, 79, 2, 0.166]
Poblacion :  [4, 953, 49, 0.036, 9, 278, 1, 0.493]
Poblacion :  [4, 882, 50, 0.045, 575, 4, 2, 0.398]
Poblacion :  [1, 379, 18, 0.03, 82, 81, 4, 0.319]
Poblacion :  [2, 998, 95, 0.026, 681, 155, 4, 0.154]
Poblacion :  [3, 611, 90, 0.041, 360, 30, 5, 0.386]
Poblacion :  [5, 63, 59, 0.035, 42, 21, 1, 0.369]
Poblacion :  [2, 291, 82, 0.044, 35, 111, 5, 0.171]
Coordenadas:   [[-76.49186060490713, 3.452267471195679, 78]]
Coordenadas:   [[-76.48389809003817, 3.49439843404263, 75]]
Coordenadas:   [[-76.47974486623701, 3.485880587694687, 75]]
Coordenadas:   [[-76.48899413988501, 3.4967087178771634, 75]]
Coordenadas:   [[-76.4806502039614, 3.4970377281923217, 75]]
Coordenadas:   [[-76.48472112779588, 3.499072417972481, 75]]
Coordenadas:   [[-76.48824941320714, 3.4963019020190758, 75]]
Coordenadas:   [[-76.49205021412445, 3.452957634457334, 78]]
Coordenadas:   [[-76.47960922279587, 3.4872041229637274, 75]]
Coordenadas:   [[-76.4797647280285, 3.4935969838193066, 75]]
Poblaciones Evaluadas
Mejor individuo de la poblacion:
[5, 965, 80, 0.041, 10, 399, 5, 0.06] [78, 798.6431632041931]
Generacion #:  5
Poblaciones nuevas
Poblacion :  [5, 965, 80, 0.041, 360, 30, 5, 0.386]
Poblacion :  [3, 611, 90, 0.041, 10, 399, 5, 0.06]
Poblacion :  [5, 961, 94, 0.022, 681, 155, 4, 0.154]
Poblacion :  [2, 998, 95, 0.026, 641, 206, 1, 0.242]
Poblacion :  [4, 766, 64, 0.03, 363, 79, 2, 0.166]
Poblacion :  [3, 550, 47, 0.024, 263, 191, 1, 0.241]
Poblacion :  [4, 867, 73, 0.041, 320, 275, 3, 0.02]
Poblacion :  [4, 453, 40, 0.017, 84, 219, 1, 0.252]
Poblacion :  [2, 152, 58, 0.016, 51, 7, 1, 0.18]
Poblacion :  [5, 525, 68, 0.011, 93, 138, 3, 0.069]
Coordenadas:   [[-76.4854191696619, 3.4997108072273386, 75]]
Coordenadas:   [[-76.47595411461923, 3.4912247895378146, 75]]
Coordenadas:   [[-76.4903407246252, 3.4990210659102408, 75]]
Coordenadas:   [[-76.48020364989122, 3.4898524576830035, 75]]
Coordenadas:   [[-76.48741356966332, 3.500455205891054, 75]]
Coordenadas:   [[-76.4860370895407, 3.4937659693588445, 75]]
Coordenadas:   [[-76.47725064421373, 3.4940747300976773, 75]]
Coordenadas:   [[-76.4821433052332, 3.495428983873074, 75]]
Coordenadas:   [[-76.50303670685108, 3.3653630014328626, 72]]
Coordenadas:   [[-76.49116117067531, 3.500110778420279, 75]]
Poblaciones Evaluadas
Mejor individuo de la poblacion:
[5, 961, 94, 0.022, 681, 155, 4, 0.154] [75, 1231.0200724601746]
Generacion #:  6
Poblaciones nuevas
Poblacion :  [5, 961, 94, 0.022, 360, 30, 5, 0.386]
Poblacion :  [5, 965, 80, 0.041, 681, 155, 4, 0.154]
Poblacion :  [4, 867, 95, 0.026, 641, 206, 1, 0.242]
Poblacion :  [2, 998, 73, 0.041, 320, 275, 3, 0.02]
Poblacion :  [4, 766, 64, 0.03, 363, 79, 2, 0.166]
Poblacion :  [5, 466, 32, 0.002, 351, 6, 2, 0.342]
Poblacion :  [4, 330, 94, 0.045, 111, 47, 5, 0.293]
Poblacion :  [3, 436, 37, 0.024, 269, 127, 3, 0.094]
Poblacion :  [1, 941, 44, 0.005, 800, 403, 2, 0.083]
Poblacion :  [2, 705, 28, 0.005, 533, 225, 1, 0.338]
Coordenadas:   [[-76.47771149644677, 3.4891066000322386, 75]]
Coordenadas:   [[-76.4866209328066, 3.4965160341298844, 75]]
Coordenadas:   [[-76.48957590742182, 3.501861428571362, 75]]
Coordenadas:   [[-76.48741001540544, 3.5015657157151168, 75]]
Coordenadas:   [[-76.48777166749525, 3.4953217591250088, 75]]
Coordenadas:   [[-76.49177304129674, 3.451996623473784, 78]]
Coordenadas:   [[-76.48901164582712, 3.4999729808081135, 75]]
Coordenadas:   [[-76.4889484977434, 3.50330701616857, 75]]
Coordenadas:   [[-76.48181846059889, 3.497807936115498, 75]]
Coordenadas:   [[-76.48299938435193, 3.488869642073199, 75]]
Poblaciones Evaluadas
Mejor individuo de la poblacion:
[5, 466, 32, 0.002, 351, 6, 2, 0.342] [78, 155.1011838912964]
Generacion #:  7
Poblaciones nuevas
Poblacion :  [5, 466, 32, 0.002, 351, 206, 1, 0.242]
Poblacion :  [4, 867, 95, 0.026, 641, 6, 2, 0.342]
Poblacion :  [5, 965, 80, 0.022, 360, 30, 5, 0.386]
Poblacion :  [5, 961, 94, 0.041, 681, 155, 4, 0.154]
Poblacion :  [2, 998, 73, 0.041, 320, 275, 3, 0.02]
Poblacion :  [4, 475, 50, 0.05, 368, 116, 5, 0.107]
Poblacion :  [4, 42, 42, 0.035, 38, 19, 2, 0.075]
Poblacion :  [2, 406, 31, 0.002, 381, 31, 3, 0.458]
Poblacion :  [4, 810, 64, 0.01, 791, 104, 3, 0.263]
Poblacion :  [4, 934, 55, 0.003, 324, 101, 2, 0.096]
Coordenadas:   [[-76.4841568726029, 3.492470268449246, 75]]
Coordenadas:   [[-76.48023131524492, 3.492358078028692, 75]]
Coordenadas:   [[-76.47928579971186, 3.4913895703734927, 75]]
Coordenadas:   [[-76.48758857164619, 3.492963409205137, 75]]
Coordenadas:   [[-76.4886451244892, 3.5018520616361903, 75]]
Coordenadas:   [[-76.48220443333621, 3.4984941582764133, 75]]
Coordenadas:   [[-76.54566159521109, 3.498841267044249, 69]]
Coordenadas:   [[-76.49218966665576, 3.5006870226558493, 75]]
Coordenadas:   [[-76.48037334781294, 3.487677858302052, 75]]
Coordenadas:   [[-76.48972297589174, 3.5027484163444793, 75]]
Poblaciones Evaluadas
Mejor individuo de la poblacion:
[5, 961, 94, 0.041, 681, 155, 4, 0.154] [75, 1226.1352500915527]
Generacion #:  8
Poblaciones nuevas
Poblacion :  [5, 961, 94, 0.022, 360, 30, 5, 0.386]
Poblacion :  [5, 965, 80, 0.041, 681, 155, 4, 0.154]
Poblacion :  [4, 867, 95, 0.026, 641, 6, 2, 0.263]
Poblacion :  [4, 810, 64, 0.01, 791, 104, 3, 0.342]
Poblacion :  [4, 934, 55, 0.003, 324, 101, 2, 0.096]
Poblacion :  [3, 140, 13, 0.025, 140, 56, 3, 0.387]
Poblacion :  [4, 501, 76, 0.004, 497, 121, 4, 0.076]
Poblacion :  [5, 635, 62, 0.037, 311, 44, 5, 0.357]
Poblacion :  [4, 258, 86, 0.028, 47, 97, 4, 0.196]
Poblacion :  [1, 551, 98, 0.01, 336, 199, 3, 0.32]
Coordenadas:   [[-76.47912891286553, 3.490746978716648, 75]]
Coordenadas:   [[-76.49206376800055, 3.4988719434874707, 75]]
Coordenadas:   [[-76.47713985850845, 3.4893538219012448, 75]]
Coordenadas:   [[-76.49176987749354, 3.452453820195385, 78]]
Coordenadas:   [[-76.49203462122703, 3.4528037252809107, 78]]
Coordenadas:   [[-76.48804018330394, 3.4985604067742675, 75]]
Coordenadas:   [[-76.47623285518215, 3.4892217918396096, 75]]
Coordenadas:   [[-76.48891847517469, 3.496953063832957, 75]]
Coordenadas:   [[-76.48172254079688, 3.4977137236958393, 75]]
Coordenadas:   [[-76.47666005651674, 3.490847211428461, 75]]
Poblaciones Evaluadas
Mejor individuo de la poblacion:
[4, 810, 64, 0.01, 791, 104, 3, 0.342] [78, 518.3335537910461]
Generacion #:  9
Poblaciones nuevas
Poblacion :  [4, 810, 64, 0.01, 791, 101, 2, 0.096]
Poblacion :  [4, 934, 55, 0.003, 324, 104, 3, 0.342]
Poblacion :  [5, 965, 94, 0.022, 360, 30, 5, 0.386]
Poblacion :  [5, 961, 80, 0.041, 681, 155, 4, 0.154]
Poblacion :  [4, 867, 95, 0.026, 641, 6, 2, 0.263]
Poblacion :  [4, 252, 67, 0.047, 21, 34, 4, 0.111]
Poblacion :  [3, 23, 66, 0.029, 8, 3, 1, 0.077]
Poblacion :  [5, 930, 40, 0.009, 561, 352, 2, 0.258]
Poblacion :  [3, 395, 42, 0.021, 4, 154, 4, 0.189]
Poblacion :  [5, 980, 94, 0.036, 315, 146, 5, 0.498]
Coordenadas:   [[-76.48542550503235, 3.5013371778883795, 75]]
Coordenadas:   [[-76.48273023859153, 3.4963145667878255, 75]]
Coordenadas:   [[-76.48414859337532, 3.4946743865086387, 75]]
Coordenadas:   [[-76.48963774489512, 3.5007339997010907, 75]]
Coordenadas:   [[-76.47921330145698, 3.492711776319029, 75]]
Coordenadas:   [[-76.4763830595266, 3.4897622821281837, 75]]
Coordenadas:   [[-76.48560089548042, 3.497022740295249, 75]]
Coordenadas:   [[-76.48872140511507, 3.495484120288913, 75]]
Coordenadas:   [[-76.48396129880132, 3.4896744418878205, 75]]
Coordenadas:   [[-76.47637869619702, 3.4917980897658323, 75]]
Poblaciones Evaluadas
Mejor individuo de la poblacion:
[5, 980, 94, 0.036, 315, 146, 5, 0.498] [75, 1404.9835176467896]
Generacion #:  10
Poblaciones nuevas
Poblacion :  [5, 980, 80, 0.041, 681, 155, 4, 0.154]
Poblacion :  [5, 961, 94, 0.036, 315, 146, 5, 0.498]
Poblacion :  [5, 965, 94, 0.022, 360, 30, 5, 0.386]
Poblacion :  [5, 930, 40, 0.009, 561, 352, 2, 0.258]
Poblacion :  [4, 934, 55, 0.003, 324, 104, 3, 0.342]
Poblacion :  [3, 212, 75, 0.038, 129, 94, 4, 0.166]
Poblacion :  [1, 406, 14, 0.025, 15, 135, 4, 0.446]
Poblacion :  [1, 649, 52, 0.036, 548, 230, 2, 0.406]
Poblacion :  [4, 19, 21, 0.044, 1, 9, 3, 0.409]
Poblacion :  [4, 197, 43, 0.039, 35, 5, 4, 0.438]
Coordenadas:   [[-76.48045514342877, 3.491650786047537, 75]]
Coordenadas:   [[-76.48996643631132, 3.497188693900046, 75]]
Coordenadas:   [[-76.48431454528988, 3.50085890547205, 75]]
Coordenadas:   [[-76.49190402630136, 3.4529521810467263, 78]]
Coordenadas:   [[-76.49163866412408, 3.4521537145570815, 78]]
Coordenadas:   [[-76.48245992308001, 3.4964706468737328, 75]]
Coordenadas:   [[-76.48121897277264, 3.4907686131505233, 75]]
Coordenadas:   [[-76.4847575894423, 3.495832242409553, 75]]
Coordenadas:   [[-76.49610482457521, 3.388651082406552, 69]]
Coordenadas:   [[-76.49105908985764, 3.4999512508678308, 75]]
Poblaciones Evaluadas
Mejor individuo de la poblacion:
[5, 930, 40, 0.009, 561, 352, 2, 0.258] [78, 884.9333148002625]
Generacion #:  11
Poblaciones nuevas
Poblacion :  [5, 930, 40, 0.009, 561, 104, 3, 0.342]
Poblacion :  [4, 934, 55, 0.003, 324, 352, 2, 0.258]
Poblacion :  [5, 980, 80, 0.041, 681, 146, 5, 0.498]
Poblacion :  [5, 961, 94, 0.036, 315, 155, 4, 0.154]
Poblacion :  [5, 965, 94, 0.022, 360, 30, 5, 0.386]
Poblacion :  [2, 631, 81, 0.012, 486, 168, 1, 0.048]
Poblacion :  [4, 576, 69, 0.013, 541, 65, 3, 0.065]
Poblacion :  [1, 975, 19, 0.033, 129, 402, 4, 0.117]
Poblacion :  [3, 65, 60, 0.04, 8, 3, 4, 0.337]
Poblacion :  [5, 34, 30, 0.028, 9, 9, 4, 0.024]
Coordenadas:   [[-76.48309502420739, 3.4992154531113684, 75]]
Coordenadas:   [[-76.48518437199391, 3.4929198052838113, 75]]
Coordenadas:   [[-76.49222831886449, 3.452461982315439, 78]]
Coordenadas:   [[-76.47926541651411, 3.4872151831657514, 75]]
Coordenadas:   [[-76.48481241262144, 3.5006308989151758, 75]]
Coordenadas:   [[-76.48732178345522, 3.50317059140306, 75]]
Coordenadas:   [[-76.48208144264211, 3.496769192995834, 75]]
Coordenadas:   [[-76.48407750078403, 3.5002335850118174, 75]]
Coordenadas:   [[-76.48927923893932, 3.502623295561519, 75]]
Coordenadas:   [[-76.47527350599016, 3.490150488438466, 75]]
Poblaciones Evaluadas
Mejor individuo de la poblacion:
[5, 980, 80, 0.041, 681, 146, 5, 0.498] [78, 1010.2886533737183]
Generacion #:  12
Poblaciones nuevas
Poblacion :  [5, 980, 80, 0.041, 681, 155, 4, 0.154]
Poblacion :  [5, 961, 94, 0.036, 315, 146, 5, 0.498]
Poblacion :  [5, 965, 94, 0.022, 360, 30, 5, 0.258]
Poblacion :  [4, 934, 55, 0.003, 324, 352, 2, 0.386]
Poblacion :  [5, 930, 40, 0.009, 561, 104, 3, 0.342]
Poblacion :  [2, 206, 57, 0.004, 28, 21, 2, 0.431]
Poblacion :  [5, 526, 79, 0.049, 78, 78, 1, 0.253]
Poblacion :  [3, 335, 11, 0.031, 222, 101, 3, 0.012]
Poblacion :  [1, 825, 39, 0.024, 777, 67, 5, 0.128]
Poblacion :  [2, 96, 49, 0.005, 94, 35, 2, 0.402]
Coordenadas:   [[-76.49225410188122, 3.452630343212428, 78]]
Coordenadas:   [[-76.48892755553737, 3.4994822322965393, 75]]
Coordenadas:   [[-76.48178838266608, 3.4958416568698767, 75]]
Coordenadas:   [[-76.49152017826555, 3.4997040776847386, 75]]
Coordenadas:   [[-76.47990823585916, 3.4869286000188944, 75]]
Coordenadas:   [[-76.48912786124241, 3.4977017941513346, 75]]
Coordenadas:   [[-76.48115310571613, 3.494821875677264, 75]]
Coordenadas:   [[-76.48825786425931, 3.493556409013851, 75]]
Coordenadas:   [[-76.47619319321586, 3.4887988233515137, 75]]
Coordenadas:   [[-76.4770505631235, 3.5018662461546737, 72]]
Poblaciones Evaluadas
Mejor individuo de la poblacion:
[5, 980, 80, 0.041, 681, 155, 4, 0.154] [78, 1037.4462866783142]
Generacion #:  13
Poblaciones nuevas
Poblacion :  [5, 980, 80, 0.036, 315, 146, 5, 0.498]
Poblacion :  [5, 961, 94, 0.041, 681, 155, 4, 0.154]
Poblacion :  [5, 965, 94, 0.022, 360, 30, 5, 0.386]
Poblacion :  [4, 934, 55, 0.003, 324, 352, 2, 0.258]
Poblacion :  [5, 930, 40, 0.009, 561, 104, 3, 0.342]
Poblacion :  [2, 336, 60, 0.049, 13, 116, 1, 0.498]
Poblacion :  [2, 595, 12, 0.001, 288, 91, 4, 0.17]
Poblacion :  [3, 362, 92, 0.049, 347, 150, 1, 0.041]
Poblacion :  [1, 969, 74, 0.014, 928, 56, 5, 0.104]
Poblacion :  [1, 916, 27, 0.035, 590, 127, 2, 0.215]
Coordenadas:   [[-76.47772050431155, 3.4871576672173017, 75]]
Coordenadas:   [[-76.47591192731407, 3.4903464478046096, 75]]
Coordenadas:   [[-76.47786626460154, 3.489895274093745, 75]]
Coordenadas:   [[-76.48787108195016, 3.495083288296168, 75]]
Coordenadas:   [[-76.48147282160238, 3.493595675076963, 75]]
Coordenadas:   [[-76.47645636562126, 3.490645365637599, 75]]
Coordenadas:   [[-76.48536595537279, 3.4968407926614544, 75]]
Coordenadas:   [[-76.47716156305121, 3.4914296181179774, 75]]
Coordenadas:   [[-76.48456191726096, 3.4984545803167215, 75]]
Coordenadas:   [[-76.48716566481218, 3.500832703248955, 75]]
Poblaciones Evaluadas
Mejor individuo de la poblacion:
[5, 961, 94, 0.041, 681, 155, 4, 0.154] [75, 1211.1320505142212]
Generacion #:  14
Poblaciones nuevas
Poblacion :  [5, 961, 94, 0.022, 360, 30, 5, 0.386]
Poblacion :  [5, 965, 94, 0.041, 681, 155, 4, 0.154]
Poblacion :  [5, 934, 55, 0.003, 324, 352, 2, 0.258]
Poblacion :  [4, 980, 80, 0.036, 315, 146, 5, 0.498]
Poblacion :  [5, 930, 40, 0.009, 561, 104, 3, 0.342]
Poblacion :  [2, 200, 43, 0.039, 189, 88, 1, 0.34]
Poblacion :  [4, 887, 17, 0.04, 435, 171, 5, 0.282]
Poblacion :  [3, 900, 43, 0.002, 654, 4, 2, 0.216]
Poblacion :  [1, 699, 81, 0.009, 225, 55, 4, 0.208]
Poblacion :  [2, 703, 50, 0.039, 297, 301, 3, 0.286]
Coordenadas:   [[-76.48050150133963, 3.4913222713040915, 75]]
Coordenadas:   [[-76.48039689541768, 3.4908463326932098, 75]]
Coordenadas:   [[-76.48481784106215, 3.492980764142741, 75]]
Coordenadas:   [[-76.47825992839194, 3.489518779612163, 75]]
Coordenadas:   [[-76.49227662324292, 3.4526893159654386, 78]]
Coordenadas:   [[-76.48599746714707, 3.4978813797844466, 75]]
Coordenadas:   [[-76.49031254275839, 3.495847277194121, 75]]
Coordenadas:   [[-76.48128877538066, 3.496834610307562, 75]]
Coordenadas:   [[-76.48173121933866, 3.4931662960759953, 75]]
Coordenadas:   [[-76.47922857376915, 3.496187064562098, 75]]
Poblaciones Evaluadas
Mejor individuo de la poblacion:
[5, 930, 40, 0.009, 561, 104, 3, 0.342] [78, 425.35039258003235]
Generacion #:  15
Poblaciones nuevas
Poblacion :  [5, 965, 94, 0.041, 681, 155, 4, 0.154]
Poblacion :  [5, 930, 40, 0.009, 561, 104, 3, 0.342]
Poblacion :  [5, 934, 55, 0.003, 324, 30, 5, 0.386]
Poblacion :  [5, 961, 94, 0.022, 360, 352, 2, 0.258]
Poblacion :  [4, 980, 80, 0.036, 315, 146, 5, 0.498]
Poblacion :  [1, 233, 16, 0.013, 103, 25, 3, 0.267]
Poblacion :  [4, 999, 92, 0.017, 223, 374, 4, 0.498]
Poblacion :  [5, 572, 82, 0.026, 65, 6, 5, 0.386]
Poblacion :  [3, 432, 60, 0.02, 319, 123, 2, 0.181]
Poblacion :  [2, 160, 24, 0.023, 62, 78, 3, 0.173]
Coordenadas:   [[-76.48478688291881, 3.4974364802872766, 75]]
Coordenadas:   [[-76.47512321610431, 3.489998072311082, 75]]
Coordenadas:   [[-76.48581433364117, 3.4918570467717, 75]]
Coordenadas:   [[-76.48755065636463, 3.4945709056573864, 75]]
Coordenadas:   [[-76.48644411388224, 3.494463585481514, 75]]
Coordenadas:   [[-76.47981965894475, 3.488089198718907, 75]]
Coordenadas:   [[-76.48516762684916, 3.49718154726317, 75]]
Coordenadas:   [[-76.47931489646793, 3.4941674860667513, 75]]
Coordenadas:   [[-76.48136162742742, 3.488529588791905, 75]]
Coordenadas:   [[-76.48498470345277, 3.501620523792735, 75]]
Poblaciones Evaluadas
Mejor individuo de la poblacion:
[5, 961, 94, 0.022, 360, 352, 2, 0.258] [75, 1658.644966840744]
Generacion #:  16
Poblaciones nuevas
Poblacion :  [5, 961, 94, 0.022, 681, 155, 4, 0.154]
Poblacion :  [5, 965, 94, 0.041, 360, 352, 2, 0.258]
Poblacion :  [4, 999, 80, 0.036, 315, 146, 5, 0.498]
Poblacion :  [4, 980, 92, 0.017, 223, 374, 4, 0.498]
Poblacion :  [5, 934, 55, 0.003, 324, 30, 5, 0.386]
Poblacion :  [1, 246, 70, 0.016, 149, 22, 3, 0.405]
Poblacion :  [2, 814, 34, 0.002, 83, 397, 3, 0.102]
Poblacion :  [4, 409, 40, 0.006, 243, 10, 2, 0.273]
Poblacion :  [4, 260, 23, 0.045, 2, 123, 3, 0.394]
Poblacion :  [2, 920, 58, 0.05, 310, 442, 1, 0.201]
Coordenadas:   [[-76.47935692877006, 3.488015412817938, 75]]
Coordenadas:   [[-76.48803255001783, 3.50130367636129, 75]]
Coordenadas:   [[-76.48160714983305, 3.4879335681706314, 75]]
Coordenadas:   [[-76.49030297947726, 3.5026414030186714, 75]]
Coordenadas:   [[-76.47637605008485, 3.490452290224832, 75]]
Coordenadas:   [[-76.47754974891039, 3.4926490142149453, 75]]
Coordenadas:   [[-76.48133520684935, 3.4972750031239155, 75]]
Coordenadas:   [[-76.48005767492604, 3.4943300127829033, 75]]
Coordenadas:   [[-76.48192058123728, 3.4953618806128617, 75]]
Coordenadas:   [[-76.48868215589283, 3.496523974872204, 75]]
Poblaciones Evaluadas
Mejor individuo de la poblacion:
[5, 965, 94, 0.041, 360, 352, 2, 0.258] [75, 1650.7191038131714]
Generacion #:  17
Poblaciones nuevas
Poblacion :  [5, 965, 94, 0.041, 360, 155, 4, 0.154]
Poblacion :  [5, 961, 94, 0.022, 681, 352, 2, 0.258]
Poblacion :  [4, 980, 92, 0.017, 223, 146, 5, 0.498]
Poblacion :  [4, 999, 80, 0.036, 315, 374, 4, 0.498]
Poblacion :  [5, 934, 55, 0.003, 324, 30, 5, 0.386]
Poblacion :  [1, 357, 88, 0.033, 282, 62, 1, 0.466]
Poblacion :  [5, 277, 39, 0.045, 36, 76, 3, 0.278]
Poblacion :  [3, 175, 93, 0.028, 35, 79, 3, 0.334]
Poblacion :  [3, 508, 63, 0.021, 407, 224, 5, 0.486]
Poblacion :  [3, 719, 86, 0.028, 667, 274, 4, 0.175]
Coordenadas:   [[-76.47960569273265, 3.4870355160655406, 75]]
Coordenadas:   [[-76.47953107784784, 3.4852074270484716, 75]]
Coordenadas:   [[-76.48641545494354, 3.4945454285187165, 75]]
Coordenadas:   [[-76.4772998304261, 3.4922850602845372, 75]]
Coordenadas:   [[-76.48426353167028, 3.4932468269947625, 75]]
Coordenadas:   [[-76.49811026546756, 3.368923384077437, 69]]
Coordenadas:   [[-76.48456181050796, 3.5004489554414993, 75]]
Coordenadas:   [[-76.486894634851, 3.500492145511576, 75]]
Coordenadas:   [[-76.49142656569813, 3.502754787333239, 75]]
Coordenadas:   [[-76.49165630467459, 3.4518721644653483, 78]]
Poblaciones Evaluadas
Mejor individuo de la poblacion:
[3, 719, 86, 0.028, 667, 274, 4, 0.175] [78, 851.7364156246185]
Generacion #:  18
Poblaciones nuevas
Poblacion :  [3, 719, 94, 0.022, 681, 352, 2, 0.258]
Poblacion :  [5, 961, 86, 0.028, 667, 274, 4, 0.175]
Poblacion :  [4, 999, 80, 0.036, 315, 374, 4, 0.154]
Poblacion :  [5, 965, 94, 0.041, 360, 155, 4, 0.498]
Poblacion :  [4, 980, 92, 0.017, 223, 146, 5, 0.498]
Poblacion :  [1, 538, 24, 0.033, 192, 113, 5, 0.292]
Poblacion :  [4, 822, 98, 0.04, 638, 32, 2, 0.491]
Poblacion :  [1, 756, 98, 0.036, 49, 57, 3, 0.48]
Poblacion :  [1, 844, 28, 0.008, 831, 236, 5, 0.153]
Poblacion :  [3, 902, 75, 0.045, 620, 438, 3, 0.361]
Coordenadas:   [[-76.48557637345475, 3.491138751826311, 75]]
Coordenadas:   [[-76.48096316038507, 3.4885759474039495, 75]]
Coordenadas:   [[-76.4831634771993, 3.499848860035444, 75]]
Coordenadas:   [[-76.48979911106257, 3.497657840523472, 75]]
Coordenadas:   [[-76.48063397473288, 3.4948544372165014, 75]]
Coordenadas:   [[-76.48060195329339, 3.495461967376067, 75]]
Coordenadas:   [[-76.47887931190166, 3.490843223619111, 75]]
Coordenadas:   [[-76.48600661420333, 3.494196042198673, 75]]
Coordenadas:   [[-76.47616339459243, 3.4974692677350383, 72]]
Coordenadas:   [[-76.48687716951542, 3.4990140018393583, 75]]
Poblaciones Evaluadas
Mejor individuo de la poblacion:
[5, 961, 86, 0.028, 667, 274, 4, 0.175] [75, 1621.0927517414093]
Generacion #:  19
Poblaciones nuevas
Poblacion :  [5, 719, 94, 0.022, 681, 352, 2, 0.258]
Poblacion :  [3, 961, 86, 0.028, 667, 274, 4, 0.175]
Poblacion :  [3, 902, 75, 0.045, 620, 374, 4, 0.154]
Poblacion :  [4, 999, 80, 0.036, 315, 438, 3, 0.361]
Poblacion :  [5, 965, 94, 0.041, 360, 155, 4, 0.498]
Poblacion :  [5, 801, 20, 0.014, 769, 295, 5, 0.173]
Poblacion :  [2, 167, 51, 0.027, 45, 80, 4, 0.032]
Poblacion :  [3, 215, 99, 0.008, 17, 2, 5, 0.39]
Poblacion :  [1, 831, 76, 0.023, 303, 51, 2, 0.157]
Poblacion :  [4, 449, 47, 0.014, 1, 139, 2, 0.204]
Coordenadas:   [[-76.47933174973429, 3.4887296134488106, 75]]
Coordenadas:   [[-76.49241845743221, 3.5012353859977, 75]]
Coordenadas:   [[-76.47619327381162, 3.4906509181301115, 75]]
Coordenadas:   [[-76.48778460590226, 3.494408635371686, 75]]
Coordenadas:   [[-76.48025867375581, 3.4961512560895347, 75]]
Coordenadas:   [[-76.4834686386992, 3.4985378483339886, 75]]
Coordenadas:   [[-76.48711607321802, 3.495272066846945, 75]]
Coordenadas:   [[-76.48071175056754, 3.491889817683148, 75]]
Coordenadas:   [[-76.47595377000069, 3.4924670271914113, 75]]
Coordenadas:   [[-76.48794871018863, 3.502313228025312, 75]]
Poblaciones Evaluadas
Mejor individuo de la poblacion:
[5, 719, 94, 0.022, 681, 352, 2, 0.258] [75, 2248.182646036148]
Generacion #:  20
Poblaciones nuevas
Poblacion :  [5, 719, 94, 0.022, 681, 352, 4, 0.498]
Poblacion :  [5, 965, 94, 0.041, 360, 155, 2, 0.258]
Poblacion :  [4, 902, 75, 0.045, 620, 374, 4, 0.154]
Poblacion :  [3, 999, 80, 0.036, 315, 438, 3, 0.361]
Poblacion :  [3, 961, 86, 0.028, 667, 274, 4, 0.175]
Poblacion :  [2, 125, 85, 0.044, 123, 27, 3, 0.361]
Poblacion :  [2, 290, 15, 0.01, 77, 109, 3, 0.145]
Poblacion :  [1, 485, 23, 0.01, 281, 160, 3, 0.252]
Poblacion :  [1, 659, 10, 0.002, 329, 221, 2, 0.051]
Poblacion :  [1, 224, 96, 0.028, 143, 53, 2, 0.354]
Coordenadas:   [[-76.49187517381864, 3.4526380795965785, 78]]
Coordenadas:   [[-76.49185569080254, 3.4995666819232794, 75]]
Coordenadas:   [[-76.48544779553322, 3.492124387548021, 75]]
Coordenadas:   [[-76.4874428813784, 3.5012706085882375, 75]]
Coordenadas:   [[-76.47797099936075, 3.4942956400760434, 75]]
Coordenadas:   [[-76.48923429788445, 3.502165198895249, 75]]
Coordenadas:   [[-76.48349381276103, 3.4969408946367913, 75]]
Coordenadas:   [[-76.4919827156854, 3.5008957654446458, 75]]
Coordenadas:   [[-76.4837970887982, 3.493164959318013, 75]]
Coordenadas:   [[-76.47909541605827, 3.49525719979595, 75]]
Poblaciones Evaluadas
Mejor individuo de la poblacion:
[5, 719, 94, 0.022, 681, 352, 4, 0.498] [78, 2771.168566942215]
--- Tiempo ejercucion tester: 111655.0597102642  ---
[[5, 719, 94, 0.022, 681, 352, 4, 0.498], [78, 2771.168566942215]]