Inician pruebas
Poblaciones iniciales
Poblacion:  [3, 671, 41, 0.046, 471, 127, 2, 0.179]
Poblacion:  [5, 424, 68, 0.026, 7, 4, 2, 0.306]
Poblacion:  [2, 453, 48, 0.029, 214, 1, 3, 0.265]
Poblacion:  [5, 13, 44, 0.013, 13, 5, 4, 0.435]
Poblacion:  [2, 803, 40, 0.013, 212, 101, 3, 0.079]
Poblacion:  [2, 127, 100, 0.002, 118, 40, 2, 0.211]
Poblacion:  [5, 933, 44, 0.044, 102, 44, 3, 0.298]
Poblacion:  [4, 343, 18, 0.039, 135, 44, 3, 0.368]
Poblacion:  [2, 467, 52, 0.005, 264, 18, 1, 0.283]
Poblacion:  [2, 862, 37, 0.018, 741, 324, 1, 0.252]
Coordenadas:   [[-76.51843172284748, 3.3506927825699018, 57]]
Coordenadas:   [[-76.49162315043068, 3.451838722231761, 78]]
Coordenadas:   [[-76.51850423936759, 3.35295006480323, 57]]
Coordenadas:   [[-76.52170523557439, 3.3428056835251843, 49]]
Coordenadas:   [[-76.52023842954267, 3.3505118281755415, 57]]
Coordenadas:   [[-76.47812982229082, 3.474698386400511, 72]]
Coordenadas:   [[-76.51794994688505, 3.3525425075368074, 57]]
Coordenadas:   [[-76.51591964159057, 3.3502517911673926, 54]]
Coordenadas:   [[-76.51883827188446, 3.3518860645276205, 57]]
Coordenadas:   [[-76.519296741718, 3.3503600768247037, 57]]
Generacion #:  1
Poblaciones nuevas
Poblacion :  [5, 424, 68, 0.026, 7, 40, 2, 0.211]
Poblacion :  [2, 127, 100, 0.002, 118, 4, 2, 0.306]
Poblacion :  [5, 933, 44, 0.044, 102, 44, 1, 0.252]
Poblacion :  [2, 862, 37, 0.018, 741, 324, 3, 0.298]
Poblacion :  [3, 671, 41, 0.046, 471, 127, 2, 0.179]
Poblacion :  [1, 92, 82, 0.022, 24, 6, 1, 0.163]
Poblacion :  [2, 969, 87, 0.039, 62, 7, 1, 0.083]
Poblacion :  [1, 65, 91, 0.042, 32, 5, 2, 0.25]
Poblacion :  [5, 269, 65, 0.005, 18, 1, 1, 0.059]
Poblacion :  [2, 166, 37, 0.005, 148, 21, 5, 0.045]
Coordenadas:   [[-76.4776214190429, 3.475041361214992, 72]]
Coordenadas:   [[-76.51878093593163, 3.3305540340245026, 49]]
Coordenadas:   [[-76.4773338488755, 3.4739556759713266, 69]]
Coordenadas:   [[-76.51935472913006, 3.351886908971864, 57]]
Coordenadas:   [[-76.51902901586502, 3.3499507125022276, 57]]
Coordenadas:   [[-76.5184956824369, 3.338307144689257, 49]]
Coordenadas:   [[-76.51764408793036, 3.3496653281577817, 54]]
Coordenadas:   [[-76.51924117265987, 3.3491028412180635, 49]]
Coordenadas:   [[-76.51840306832914, 3.352701593583385, 57]]
Coordenadas:   [[-76.51537688577952, 3.352638002102028, 54]]
Poblaciones Evaluadas
Poblacion :  [5, 424, 68, 0.026, 7, 40, 2, 0.211] Valor Aptitud :  [72, 329.17865228652954]
Poblacion :  [2, 127, 100, 0.002, 118, 4, 2, 0.306] Valor Aptitud :  [49, 73.2103762626648]
Poblacion :  [5, 933, 44, 0.044, 102, 44, 1, 0.252] Valor Aptitud :  [69, 645.6574852466583]
Poblacion :  [2, 862, 37, 0.018, 741, 324, 3, 0.298] Valor Aptitud :  [57, 513.1465992927551]
Poblacion :  [3, 671, 41, 0.046, 471, 127, 2, 0.179] Valor Aptitud :  [57, 242.14272618293762]
Poblacion :  [1, 92, 82, 0.022, 24, 6, 1, 0.163] Valor Aptitud :  [49, 16.636788368225098]
Poblacion :  [2, 969, 87, 0.039, 62, 7, 1, 0.083] Valor Aptitud :  [54, 356.81507325172424]
Poblacion :  [1, 65, 91, 0.042, 32, 5, 2, 0.25] Valor Aptitud :  [49, 30.39286708831787]
Poblacion :  [5, 269, 65, 0.005, 18, 1, 1, 0.059] Valor Aptitud :  [57, 270.7932770252228]
Poblacion :  [2, 166, 37, 0.005, 148, 21, 5, 0.045] Valor Aptitud :  [54, 37.59009265899658]
Mejor individuo de la poblacion:
[5, 424, 68, 0.026, 7, 40, 2, 0.211] [72, 329.17865228652954]
Generacion #:  2
Poblaciones nuevas
Poblacion :  [5, 424, 68, 0.026, 7, 44, 1, 0.252]
Poblacion :  [5, 933, 44, 0.044, 102, 40, 2, 0.211]
Poblacion :  [2, 862, 37, 0.018, 741, 324, 3, 0.059]
Poblacion :  [5, 269, 65, 0.005, 18, 1, 1, 0.298]
Poblacion :  [3, 671, 41, 0.046, 471, 127, 2, 0.179]
Poblacion :  [5, 677, 99, 0.03, 222, 13, 5, 0.297]
Poblacion :  [3, 719, 18, 0.01, 297, 146, 5, 0.339]
Poblacion :  [4, 186, 83, 0.013, 37, 13, 2, 0.499]
Poblacion :  [3, 743, 84, 0.043, 290, 131, 1, 0.278]
Poblacion :  [4, 377, 57, 0.023, 229, 71, 1, 0.308]
Coordenadas:   [[-76.51813919497104, 3.3524860756954826, 57]]
Coordenadas:   [[-76.47890519673027, 3.473709541508569, 72]]
Coordenadas:   [[-76.47772993729424, 3.4742708434995317, 69]]
Coordenadas:   [[-76.52024057419322, 3.3506843131978328, 57]]
Coordenadas:   [[-76.51914881866226, 3.3512649970452455, 57]]
Coordenadas:   [[-76.47749174712348, 3.4739769327382004, 69]]
Coordenadas:   [[-76.47776715929409, 3.47394076398833, 69]]
Coordenadas:   [[-76.51789075372461, 3.3483439653464733, 54]]
Coordenadas:   [[-76.5182405156752, 3.35043024974988, 57]]
Coordenadas:   [[-76.51674641561418, 3.351692979178086, 57]]
Poblaciones Evaluadas
Mejor individuo de la poblacion:
[5, 933, 44, 0.044, 102, 40, 2, 0.211] [72, 578.2345595359802]
Generacion #:  3
Poblaciones nuevas
Poblacion :  [5, 933, 44, 0.044, 102, 40, 2, 0.297]
Poblacion :  [5, 677, 99, 0.03, 222, 13, 5, 0.211]
Poblacion :  [2, 862, 37, 0.018, 297, 146, 5, 0.339]
Poblacion :  [3, 719, 18, 0.01, 741, 324, 3, 0.059]
Poblacion :  [3, 743, 84, 0.043, 290, 131, 1, 0.278]
Poblacion :  [2, 382, 80, 0.048, 63, 30, 3, 0.398]
Poblacion :  [5, 230, 24, 0.038, 104, 51, 1, 0.383]
Poblacion :  [2, 744, 13, 0.047, 185, 77, 2, 0.464]
Poblacion :  [2, 191, 21, 0.049, 28, 10, 5, 0.056]
Poblacion :  [1, 270, 51, 0.01, 106, 21, 2, 0.2]
Coordenadas:   [[-76.49224856386337, 3.4527548174983966, 78]]
Coordenadas:   [[-76.51793435735824, 3.3528318511798183, 57]]
Coordenadas:   [[-76.51824635474314, 3.3519038527681912, 57]]
Coordenadas:   [[-76.51908109992532, 3.349476637356777, 57]]
Coordenadas:   [[-76.5173614250927, 3.3513220201201137, 57]]
Coordenadas:   [[-76.51798115463723, 3.349821073860253, 54]]
Coordenadas:   [[-76.51814769908967, 3.3528617381969448, 57]]
Coordenadas:   [[-76.51867530776242, 3.350780060461062, 57]]
Coordenadas:   [[-76.51767172470454, 3.3508181393766687, 57]]
Coordenadas:   [[-76.5150649831109, 3.3535659135446267, 57]]
Poblaciones Evaluadas
Mejor individuo de la poblacion:
[5, 933, 44, 0.044, 102, 40, 2, 0.297] [78, 628.744720697403]
Generacion #:  4
Poblaciones nuevas
Poblacion :  [5, 933, 44, 0.044, 102, 40, 2, 0.211]
Poblacion :  [5, 677, 99, 0.03, 222, 13, 5, 0.297]
Poblacion :  [3, 743, 84, 0.043, 741, 324, 3, 0.059]
Poblacion :  [3, 719, 18, 0.01, 290, 131, 1, 0.278]
Poblacion :  [2, 862, 37, 0.018, 297, 146, 5, 0.339]
Poblacion :  [1, 370, 16, 0.01, 18, 4, 5, 0.134]
Poblacion :  [4, 939, 47, 0.011, 489, 146, 3, 0.48]
Poblacion :  [1, 433, 65, 0.044, 115, 26, 1, 0.094]
Poblacion :  [2, 560, 35, 0.03, 228, 94, 1, 0.485]
Poblacion :  [1, 797, 35, 0.03, 729, 353, 4, 0.481]
Coordenadas:   [[-76.51974859400147, 3.3499335930658387, 57]]
Coordenadas:   [[-76.478186844779, 3.4737699803722957, 69]]
Coordenadas:   [[-76.47755853882559, 3.4738712313225517, 69]]
Coordenadas:   [[-76.51882581680125, 3.351933746276376, 57]]
Coordenadas:   [[-76.51757127035218, 3.3521020820825385, 57]]
Coordenadas:   [[-76.51661308042466, 3.3516691930372913, 54]]
Coordenadas:   [[-76.51796592757333, 3.3484714703617713, 54]]
Coordenadas:   [[-76.52227791886494, 3.338956134765414, 49]]
Coordenadas:   [[-76.5182807233408, 3.3531903577941926, 57]]
Coordenadas:   [[-76.52185428548718, 3.3433444631251192, 49]]
Poblaciones Evaluadas
Mejor individuo de la poblacion:
[3, 743, 84, 0.043, 741, 324, 3, 0.059] [69, 1366.5078387260437]
Generacion #:  5
Poblaciones nuevas
Poblacion :  [3, 743, 84, 0.043, 222, 13, 5, 0.297]
Poblacion :  [5, 677, 99, 0.03, 741, 324, 3, 0.059]
Poblacion :  [5, 933, 44, 0.044, 102, 40, 2, 0.339]
Poblacion :  [2, 862, 37, 0.018, 297, 146, 5, 0.211]
Poblacion :  [3, 719, 18, 0.01, 290, 131, 1, 0.278]
Poblacion :  [4, 863, 15, 0.015, 464, 219, 1, 0.284]
Poblacion :  [3, 186, 44, 0.047, 175, 61, 4, 0.253]
Poblacion :  [3, 65, 34, 0.046, 17, 6, 2, 0.183]
Poblacion :  [4, 193, 15, 0.013, 72, 34, 2, 0.489]
Poblacion :  [1, 453, 39, 0.016, 206, 61, 1, 0.296]
Coordenadas:   [[-76.47823784266689, 3.4739120327287734, 69]]
Coordenadas:   [[-76.47796937863198, 3.4740349997933944, 69]]
Coordenadas:   [[-76.48608124194018, 3.494233971676195, 75]]
Coordenadas:   [[-76.48243584368203, 3.4895030851812323, 75]]
Coordenadas:   [[-76.48597203931212, 3.498431918457079, 75]]
Coordenadas:   [[-76.49219532742303, 3.4527584683132817, 78]]
Coordenadas:   [[-76.48419655852656, 3.499217165699088, 75]]
Coordenadas:   [[-76.51973666514878, 3.348521153344792, 49]]
Coordenadas:   [[-76.48860755580698, 3.498473351294928, 75]]
Coordenadas:   [[-76.48481639984944, 3.4970089909728275, 75]]
Poblaciones Evaluadas
Mejor individuo de la poblacion:
[4, 863, 15, 0.015, 464, 219, 1, 0.284] [78, 144.60666680335999]
Generacion #:  6
Poblaciones nuevas
Poblacion :  [4, 863, 44, 0.044, 102, 40, 2, 0.339]
Poblacion :  [5, 933, 15, 0.015, 464, 219, 1, 0.284]
Poblacion :  [2, 862, 37, 0.018, 297, 131, 1, 0.278]
Poblacion :  [3, 719, 18, 0.01, 290, 146, 5, 0.211]
Poblacion :  [3, 186, 44, 0.047, 175, 61, 4, 0.253]
Poblacion :  [4, 539, 97, 0.042, 129, 3, 5, 0.268]
Poblacion :  [2, 473, 42, 0.003, 23, 12, 1, 0.38]
Poblacion :  [1, 832, 14, 0.046, 732, 268, 5, 0.411]
Poblacion :  [5, 164, 88, 0.009, 143, 65, 2, 0.164]
Poblacion :  [5, 799, 91, 0.003, 594, 287, 1, 0.165]
Coordenadas:   [[-76.48514812753513, 3.4968060013872027, 75]]
Coordenadas:   [[-76.48911523265063, 3.498716270966761, 75]]
Coordenadas:   [[-76.48605761429566, 3.499621539422413, 75]]
Coordenadas:   [[-76.47973833722546, 3.489152447988316, 75]]
Coordenadas:   [[-76.48011528823811, 3.4901610687021822, 75]]
Coordenadas:   [[-76.4849632806189, 3.4958474805447004, 75]]
Coordenadas:   [[-76.4897700624475, 3.497093593687443, 75]]
Coordenadas:   [[-76.48948834796775, 3.4977252216739516, 75]]
Coordenadas:   [[-76.48423168870615, 3.4932089574868623, 75]]
Coordenadas:   [[-76.49183905678423, 3.5011022529142433, 75]]
Poblaciones Evaluadas
Mejor individuo de la poblacion:
[5, 799, 91, 0.003, 594, 287, 1, 0.165] [75, 1993.6231307983398]
Generacion #:  7
Poblaciones nuevas
Poblacion :  [5, 539, 97, 0.042, 129, 3, 5, 0.268]
Poblacion :  [4, 799, 91, 0.003, 594, 287, 1, 0.165]
Poblacion :  [4, 863, 44, 0.044, 102, 40, 2, 0.164]
Poblacion :  [5, 164, 88, 0.009, 143, 65, 2, 0.339]
Poblacion :  [5, 933, 15, 0.015, 464, 219, 1, 0.284]
Poblacion :  [2, 28, 27, 0.01, 5, 2, 4, 0.303]
Poblacion :  [3, 393, 96, 0.016, 37, 10, 5, 0.385]
Poblacion :  [5, 561, 51, 0.01, 66, 3, 3, 0.456]
Poblacion :  [2, 157, 53, 0.024, 56, 19, 5, 0.385]
Poblacion :  [5, 451, 96, 0.043, 18, 5, 3, 0.114]
Coordenadas:   [[-76.48822003363189, 3.4952711645396617, 75]]
Coordenadas:   [[-76.488213695629, 3.5015596089520167, 75]]
Coordenadas:   [[-76.48407560414016, 3.497233821649982, 75]]
Coordenadas:   [[-76.48960604481977, 3.496645391910153, 75]]
Coordenadas:   [[-76.49219645260993, 3.452444226697806, 78]]
Coordenadas:   [[-76.47693975339946, 3.4437184305517095, 44]]
Coordenadas:   [[-76.49275874652972, 3.5022706264769563, 75]]
Coordenadas:   [[-76.48696286499032, 3.49778986439444, 75]]
Coordenadas:   [[-76.48216822430915, 3.4964777512030447, 75]]
Coordenadas:   [[-76.48206867508243, 3.496581837043961, 75]]
Poblaciones Evaluadas
Mejor individuo de la poblacion:
[5, 933, 15, 0.015, 464, 219, 1, 0.284] [78, 227.2351517677307]
Generacion #:  8
Poblaciones nuevas
Poblacion :  [5, 933, 15, 0.003, 594, 287, 1, 0.165]
Poblacion :  [4, 799, 91, 0.015, 464, 219, 1, 0.284]
Poblacion :  [5, 539, 97, 0.043, 18, 5, 3, 0.114]
Poblacion :  [5, 451, 96, 0.042, 129, 3, 5, 0.268]
Poblacion :  [4, 863, 44, 0.044, 102, 40, 2, 0.164]
Poblacion :  [2, 200, 92, 0.002, 137, 40, 1, 0.156]
Poblacion :  [1, 92, 39, 0.013, 61, 10, 2, 0.293]
Poblacion :  [1, 166, 69, 0.047, 55, 18, 2, 0.48]
Poblacion :  [5, 184, 60, 0.048, 156, 21, 1, 0.27]
Poblacion :  [4, 341, 86, 0.03, 248, 4, 3, 0.298]
Coordenadas:   [[-76.48386800523404, 3.497812359784333, 75]]
Coordenadas:   [[-76.48067091022295, 3.488748033522322, 75]]
Coordenadas:   [[-76.48958533364755, 3.4960700620385827, 75]]
Coordenadas:   [[-76.47971681451395, 3.489346669671982, 75]]
Coordenadas:   [[-76.48243346225395, 3.489832945433134, 75]]
Coordenadas:   [[-76.48855077734278, 3.4952786077985474, 75]]
Coordenadas:   [[-76.49115799362343, 3.501860502269236, 75]]
Coordenadas:   [[-76.47964690239245, 3.4870515621861706, 75]]
Coordenadas:   [[-76.48217460963464, 3.4946093329607693, 75]]
Coordenadas:   [[-76.48812953200503, 3.4982746684723067, 75]]
Poblaciones Evaluadas
Mejor individuo de la poblacion:
[4, 799, 91, 0.015, 464, 219, 1, 0.284] [75, 1306.2495892047882]
Generacion #:  9
Poblaciones nuevas
Poblacion :  [4, 539, 97, 0.043, 18, 5, 3, 0.114]
Poblacion :  [5, 799, 91, 0.015, 464, 219, 1, 0.284]
Poblacion :  [5, 451, 96, 0.042, 594, 287, 1, 0.165]
Poblacion :  [5, 933, 15, 0.003, 129, 3, 5, 0.268]
Poblacion :  [4, 863, 44, 0.044, 102, 40, 2, 0.164]
Poblacion :  [4, 718, 20, 0.006, 398, 180, 1, 0.07]
Poblacion :  [1, 547, 72, 0.015, 310, 19, 3, 0.074]
Poblacion :  [5, 535, 12, 0.045, 347, 38, 2, 0.256]
Poblacion :  [2, 668, 80, 0.044, 389, 37, 4, 0.036]
Poblacion :  [4, 573, 34, 0.008, 537, 259, 1, 0.261]
Coordenadas:   [[-76.48901509135521, 3.494276478630682, 75]]
Coordenadas:   [[-76.48349123210996, 3.4904751007221146, 75]]
Coordenadas:   [[-76.48983927966373, 3.499700652207448, 75]]
Coordenadas:   [[-76.48160241463451, 3.495620306562879, 75]]
Coordenadas:   [[-76.49137094248539, 3.501598034766521, 75]]
Coordenadas:   [[-76.4861292589739, 3.491666031327526, 75]]
Coordenadas:   [[-76.49241462887554, 3.5031784096550425, 75]]
Coordenadas:   [[-76.49193948005735, 3.4530138249662548, 78]]
Coordenadas:   [[-76.48775773765067, 3.500371241690696, 75]]
Coordenadas:   [[-76.48364541727578, 3.493562480816572, 75]]
Poblaciones Evaluadas
Mejor individuo de la poblacion:
[5, 535, 12, 0.045, 347, 38, 2, 0.256] [78, 63.67567038536072]
Generacion #:  10
Poblaciones nuevas
Poblacion :  [5, 535, 12, 0.045, 347, 287, 1, 0.165]
Poblacion :  [5, 451, 96, 0.042, 594, 38, 2, 0.256]
Poblacion :  [5, 799, 91, 0.043, 18, 5, 3, 0.114]
Poblacion :  [4, 539, 97, 0.015, 464, 219, 1, 0.284]
Poblacion :  [4, 573, 34, 0.008, 537, 259, 1, 0.261]
Poblacion :  [5, 932, 89, 0.012, 411, 84, 3, 0.415]
Poblacion :  [5, 446, 23, 0.001, 184, 31, 2, 0.49]
Poblacion :  [2, 423, 15, 0.01, 230, 93, 4, 0.313]
Poblacion :  [5, 492, 48, 0.033, 317, 3, 4, 0.261]
Poblacion :  [4, 547, 73, 0.041, 258, 90, 3, 0.225]
Coordenadas:   [[-76.48293434627848, 3.493194998125675, 75]]
Coordenadas:   [[-76.49162230686794, 3.4521029291253345, 78]]
Coordenadas:   [[-76.48690934861939, 3.4957502218549728, 75]]
Coordenadas:   [[-76.49045336485862, 3.5018661558613307, 75]]
Coordenadas:   [[-76.49186081326366, 3.4529359722112267, 78]]
Coordenadas:   [[-76.49188930736462, 3.4521307268052857, 78]]
Coordenadas:   [[-76.48118034784018, 3.4913910441748097, 75]]
Coordenadas:   [[-76.48491652625223, 3.4914837410796604, 75]]
Coordenadas:   [[-76.48551134287673, 3.4938925702471892, 75]]
Coordenadas:   [[-76.48093124836763, 3.491847640893472, 75]]
Poblaciones Evaluadas
Mejor individuo de la poblacion:
[5, 932, 89, 0.012, 411, 84, 3, 0.415] [78, 793.6834964752197]
Generacion #:  11
Poblaciones nuevas
Poblacion :  [5, 451, 96, 0.042, 594, 38, 2, 0.256]
Poblacion :  [5, 932, 89, 0.012, 411, 84, 3, 0.415]
Poblacion :  [4, 539, 97, 0.015, 464, 219, 1, 0.284]
Poblacion :  [4, 573, 34, 0.008, 537, 259, 1, 0.261]
Poblacion :  [5, 799, 91, 0.043, 18, 5, 3, 0.114]
Poblacion :  [4, 769, 57, 0.023, 531, 238, 1, 0.059]
Poblacion :  [1, 154, 39, 0.037, 67, 13, 3, 0.1]
Poblacion :  [5, 752, 68, 0.003, 80, 34, 3, 0.249]
Poblacion :  [5, 127, 51, 0.039, 125, 21, 3, 0.149]
Poblacion :  [2, 150, 47, 0.028, 114, 12, 3, 0.369]
Coordenadas:   [[-76.49200719190158, 3.4523647231982784, 78]]
Coordenadas:   [[-76.48164832689531, 3.490460904829796, 75]]
Coordenadas:   [[-76.49053655769532, 3.5003301053151605, 75]]
Coordenadas:   [[-76.4813666799581, 3.4967466105010474, 75]]
Coordenadas:   [[-76.48672482830814, 3.4928004524854153, 75]]
Coordenadas:   [[-76.48745764708536, 3.4983374399612135, 75]]
Coordenadas:   [[-76.47652391292094, 3.445512199471265, 44]]
Coordenadas:   [[-76.4792427442899, 3.48583693032583, 75]]
Coordenadas:   [[-76.48911905561005, 3.501721510501663, 75]]
Coordenadas:   [[-76.48522837990578, 3.49060667229397, 75]]
Poblaciones Evaluadas
Mejor individuo de la poblacion:
[5, 451, 96, 0.042, 594, 38, 2, 0.256] [78, 407.953919172287]
Generacion #:  12
Poblaciones nuevas
Poblacion :  [5, 451, 96, 0.042, 594, 38, 3, 0.415]
Poblacion :  [5, 932, 89, 0.012, 411, 84, 2, 0.256]
Poblacion :  [4, 799, 91, 0.043, 18, 5, 3, 0.114]
Poblacion :  [5, 539, 97, 0.015, 464, 219, 1, 0.284]
Poblacion :  [4, 769, 57, 0.023, 531, 238, 1, 0.059]
Poblacion :  [3, 461, 72, 0.032, 291, 48, 5, 0.352]
Poblacion :  [3, 900, 83, 0.037, 687, 284, 1, 0.452]
Poblacion :  [2, 402, 10, 0.043, 94, 35, 5, 0.227]
Poblacion :  [4, 409, 47, 0.01, 112, 8, 4, 0.37]
Poblacion :  [5, 843, 39, 0.045, 77, 21, 1, 0.352]
Coordenadas:   [[-76.49253474994656, 3.5019878266237825, 75]]
Coordenadas:   [[-76.49169658357043, 3.5025947541126055, 75]]
Coordenadas:   [[-76.49202895707758, 3.4527664323222895, 78]]
Coordenadas:   [[-76.48182358004284, 3.4980892095833953, 75]]
Coordenadas:   [[-76.48312655744368, 3.4900175051483444, 75]]
Coordenadas:   [[-76.48367049133296, 3.4898260508623675, 75]]
Coordenadas:   [[-76.49151670521695, 3.498844209832534, 75]]
Coordenadas:   [[-76.48431749469576, 3.490551313301175, 75]]
Coordenadas:   [[-76.48570367214538, 3.4929604159262224, 75]]
Coordenadas:   [[-76.49190096527799, 3.4528592389621386, 78]]
Poblaciones Evaluadas
Mejor individuo de la poblacion:
[4, 799, 91, 0.043, 18, 5, 3, 0.114] [78, 519.9312815666199]
Generacion #:  13
Poblaciones nuevas
Poblacion :  [4, 799, 91, 0.043, 18, 21, 1, 0.352]
Poblacion :  [5, 843, 39, 0.045, 77, 5, 3, 0.114]
Poblacion :  [3, 900, 83, 0.015, 464, 219, 1, 0.284]
Poblacion :  [5, 539, 97, 0.037, 687, 284, 1, 0.452]
Poblacion :  [5, 932, 89, 0.012, 411, 84, 2, 0.256]
Poblacion :  [1, 907, 13, 0.024, 615, 114, 3, 0.278]
Poblacion :  [1, 866, 84, 0.009, 187, 50, 1, 0.193]
Poblacion :  [3, 826, 42, 0.007, 783, 62, 5, 0.318]
Poblacion :  [5, 783, 11, 0.046, 575, 37, 5, 0.105]
Poblacion :  [4, 420, 16, 0.029, 130, 59, 3, 0.21]
Coordenadas:   [[-76.48969258195444, 3.495217410047507, 75]]
Coordenadas:   [[-76.47953848535062, 3.4862764678248483, 75]]
Coordenadas:   [[-76.48941089119334, 3.4999652370681855, 75]]
Coordenadas:   [[-76.48251624364481, 3.4930842926794305, 75]]
Coordenadas:   [[-76.48094957575523, 3.491000326150521, 75]]
Coordenadas:   [[-76.48424873934262, 3.4969078781330434, 75]]
Coordenadas:   [[-76.48094906546497, 3.4968424793886497, 75]]
Coordenadas:   [[-76.48306178573483, 3.4944461610616644, 75]]
Coordenadas:   [[-76.48708553656776, 3.496362308428008, 75]]
Coordenadas:   [[-76.49070805994589, 3.4965108858609537, 75]]
Poblaciones Evaluadas
Mejor individuo de la poblacion:
[5, 539, 97, 0.037, 687, 284, 1, 0.452] [75, 1418.3526191711426]
Generacion #:  14
Poblaciones nuevas
Poblacion :  [5, 539, 97, 0.037, 687, 284, 2, 0.256]
Poblacion :  [5, 932, 89, 0.012, 411, 84, 1, 0.452]
Poblacion :  [3, 900, 83, 0.015, 464, 21, 1, 0.352]
Poblacion :  [4, 799, 91, 0.043, 18, 219, 1, 0.284]
Poblacion :  [5, 843, 39, 0.045, 77, 5, 3, 0.114]
Poblacion :  [4, 780, 76, 0.045, 674, 289, 1, 0.286]
Poblacion :  [5, 793, 33, 0.028, 660, 8, 2, 0.013]
Poblacion :  [1, 912, 100, 0.05, 290, 62, 5, 0.366]
Poblacion :  [2, 775, 32, 0.032, 325, 132, 3, 0.41]
Poblacion :  [5, 598, 43, 0.046, 127, 21, 5, 0.4]
Coordenadas:   [[-76.48980676036612, 3.501226302696737, 75]]
Coordenadas:   [[-76.48599744112181, 3.496524693851402, 75]]
Coordenadas:   [[-76.49237411349496, 3.498859932535751, 75]]
Coordenadas:   [[-76.49157885912001, 3.4519325543217145, 78]]
Coordenadas:   [[-76.48499143917532, 3.49792281070541, 75]]
Coordenadas:   [[-76.49276562638921, 3.5029006065758534, 75]]
Coordenadas:   [[-76.48654271024867, 3.5005326303977338, 75]]
Coordenadas:   [[-76.4832227853086, 3.4982822415495125, 75]]
Coordenadas:   [[-76.48282994479806, 3.492207349034549, 75]]
Coordenadas:   [[-76.49229784639073, 3.4526726991183776, 78]]
Poblaciones Evaluadas
Mejor individuo de la poblacion:
[4, 799, 91, 0.043, 18, 219, 1, 0.284] [78, 529.9846730232239]
Generacion #:  15
Poblaciones nuevas
Poblacion :  [4, 799, 91, 0.043, 18, 219, 1, 0.4]
Poblacion :  [5, 598, 43, 0.046, 127, 21, 5, 0.284]
Poblacion :  [5, 539, 97, 0.037, 687, 284, 1, 0.286]
Poblacion :  [4, 780, 76, 0.045, 674, 289, 2, 0.256]
Poblacion :  [5, 932, 89, 0.012, 411, 84, 1, 0.452]
Poblacion :  [4, 706, 51, 0.038, 307, 133, 1, 0.294]
Poblacion :  [3, 154, 77, 0.032, 7, 1, 2, 0.442]
Poblacion :  [1, 461, 46, 0.041, 239, 109, 2, 0.238]
Poblacion :  [4, 905, 17, 0.043, 245, 118, 5, 0.046]
Poblacion :  [4, 669, 19, 0.046, 38, 19, 4, 0.424]
Coordenadas:   [[-76.49098188700415, 3.5005454334467716, 75]]
Coordenadas:   [[-76.48328540135596, 3.4950716940435083, 75]]
Coordenadas:   [[-76.48561535227257, 3.4997047577514504, 75]]
Coordenadas:   [[-76.4879654790753, 3.495359814435843, 75]]
Coordenadas:   [[-76.48772233466188, 3.500002983505402, 75]]
Coordenadas:   [[-76.48415382559044, 3.4989321021665334, 75]]
Coordenadas:   [[-76.49144034720506, 3.499089801258418, 75]]
Coordenadas:   [[-76.48242574510162, 3.4940779638481034, 75]]
Coordenadas:   [[-76.48071697221603, 3.4912711651732122, 75]]
Coordenadas:   [[-76.48082695366838, 3.488779210753571, 75]]
Poblaciones Evaluadas
Mejor individuo de la poblacion:
[5, 539, 97, 0.037, 687, 284, 1, 0.286] [75, 1421.736979484558]
Generacion #:  16
Poblaciones nuevas
Poblacion :  [5, 780, 76, 0.045, 674, 289, 2, 0.256]
Poblacion :  [4, 539, 97, 0.037, 687, 284, 1, 0.286]
Poblacion :  [5, 932, 91, 0.043, 18, 219, 1, 0.4]
Poblacion :  [4, 799, 89, 0.012, 411, 84, 1, 0.452]
Poblacion :  [4, 706, 51, 0.038, 307, 133, 1, 0.294]
Poblacion :  [4, 939, 76, 0.012, 757, 29, 4, 0.158]
Poblacion :  [1, 291, 18, 0.002, 215, 10, 5, 0.1]
Poblacion :  [1, 562, 93, 0.048, 263, 40, 5, 0.453]
Poblacion :  [3, 30, 44, 0.031, 5, 2, 3, 0.292]
Poblacion :  [2, 937, 63, 0.035, 319, 132, 5, 0.146]
Coordenadas:   [[-76.48195267500864, 3.4968064766348985, 75]]
Coordenadas:   [[-76.49186751985796, 3.452681788237995, 78]]
Coordenadas:   [[-76.48640552076316, 3.500829708027122, 75]]
Coordenadas:   [[-76.4800282763531, 3.4918426854827422, 75]]
Coordenadas:   [[-76.49115789072079, 3.497045057079017, 75]]
Coordenadas:   [[-76.48438484160896, 3.495750977325489, 75]]
Coordenadas:   [[-76.47334354232058, 3.4431372142967303, 44]]
Coordenadas:   [[-76.47937031411468, 3.4870243915914374, 75]]
Coordenadas:   [[-76.51824694887122, 3.345024444146723, 49]]
Coordenadas:   [[-76.48764190947686, 3.497658578882068, 75]]
Poblaciones Evaluadas
Mejor individuo de la poblacion:
[4, 539, 97, 0.037, 687, 284, 1, 0.286] [78, 1524.1878819465637]
Generacion #:  17
Poblaciones nuevas
Poblacion :  [4, 539, 97, 0.037, 687, 289, 2, 0.256]
Poblacion :  [5, 780, 76, 0.045, 674, 284, 1, 0.286]
Poblacion :  [5, 932, 89, 0.012, 411, 84, 1, 0.452]
Poblacion :  [4, 799, 91, 0.043, 18, 219, 1, 0.4]
Poblacion :  [4, 939, 76, 0.012, 757, 29, 4, 0.158]
Poblacion :  [1, 359, 20, 0.049, 273, 88, 2, 0.292]
Poblacion :  [5, 894, 78, 0.026, 41, 11, 4, 0.476]
Poblacion :  [5, 209, 26, 0.025, 166, 82, 2, 0.491]
Poblacion :  [5, 636, 41, 0.03, 38, 2, 4, 0.331]
Poblacion :  [1, 926, 93, 0.035, 245, 99, 3, 0.343]
Coordenadas:   [[-76.4832603603709, 3.4970589301543638, 75]]
Coordenadas:   [[-76.48221082046354, 3.4915371323760143, 75]]
Coordenadas:   [[-76.48383514993894, 3.497212446992513, 75]]
Coordenadas:   [[-76.49176917480176, 3.452472774193107, 78]]
Coordenadas:   [[-76.48118212512267, 3.4922665273262847, 75]]
Coordenadas:   [[-76.49162905899561, 3.4994931581367266, 75]]
Coordenadas:   [[-76.49040106400551, 3.501922292729016, 75]]
Coordenadas:   [[-76.48280499162205, 3.4973607349414055, 75]]
Coordenadas:   [[-76.47995095224022, 3.490525676304065, 75]]
Coordenadas:   [[-76.48568266418434, 3.494168072610764, 75]]
Poblaciones Evaluadas
Mejor individuo de la poblacion:
[4, 799, 91, 0.043, 18, 219, 1, 0.4] [78, 546.9658424854279]
Generacion #:  18
Poblaciones nuevas
Poblacion :  [4, 780, 76, 0.045, 674, 284, 1, 0.286]
Poblacion :  [5, 799, 91, 0.043, 18, 219, 1, 0.4]
Poblacion :  [4, 539, 97, 0.012, 411, 84, 1, 0.452]
Poblacion :  [5, 932, 89, 0.037, 687, 289, 2, 0.256]
Poblacion :  [5, 894, 78, 0.026, 41, 11, 4, 0.476]
Poblacion :  [1, 553, 11, 0.025, 24, 2, 5, 0.359]
Poblacion :  [4, 430, 51, 0.007, 43, 2, 3, 0.012]
Poblacion :  [4, 728, 11, 0.012, 481, 209, 2, 0.32]
Poblacion :  [1, 922, 28, 0.027, 234, 52, 4, 0.469]
Poblacion :  [1, 888, 79, 0.024, 806, 85, 5, 0.216]
Coordenadas:   [[-76.49210231815, 3.4526662830909047, 78]]
Coordenadas:   [[-76.48676786847128, 3.4992840477434086, 75]]
Coordenadas:   [[-76.49026953628487, 3.5001917631674067, 75]]
Coordenadas:   [[-76.48470992836862, 3.4978720351458845, 75]]
Coordenadas:   [[-76.48000391178762, 3.4890007972717068, 75]]
Coordenadas:   [[-76.48864240067567, 3.501394225281949, 75]]
Coordenadas:   [[-76.4901002568824, 3.498183705196955, 75]]
Coordenadas:   [[-76.49199765510683, 3.452904125374897, 78]]
Coordenadas:   [[-76.49197288997298, 3.452971153781915, 78]]
Coordenadas:   [[-76.49265368041262, 3.5028985883782595, 75]]
Poblaciones Evaluadas
Mejor individuo de la poblacion:
[4, 780, 76, 0.045, 674, 284, 1, 0.286] [78, 1346.614345550537]
Generacion #:  19
Poblaciones nuevas
Poblacion :  [4, 780, 76, 0.045, 674, 284, 2, 0.32]
Poblacion :  [4, 728, 11, 0.012, 481, 209, 1, 0.286]
Poblacion :  [1, 922, 28, 0.037, 687, 289, 2, 0.256]
Poblacion :  [5, 932, 89, 0.027, 234, 52, 4, 0.469]
Poblacion :  [5, 799, 91, 0.043, 18, 219, 1, 0.4]
Poblacion :  [3, 906, 85, 0.02, 745, 10, 1, 0.018]
Poblacion :  [3, 829, 37, 0.009, 277, 38, 1, 0.414]
Poblacion :  [2, 394, 89, 0.033, 258, 43, 4, 0.202]
Poblacion :  [4, 194, 89, 0.044, 14, 1, 4, 0.344]
Poblacion :  [2, 718, 31, 0.046, 164, 26, 1, 0.198]
Coordenadas:   [[-76.48084870594276, 3.4940341137938744, 75]]
Coordenadas:   [[-76.49157189350154, 3.499483425703461, 75]]
Coordenadas:   [[-76.48596388114058, 3.4971478215879097, 75]]
Coordenadas:   [[-76.48914409011535, 3.5004331484948756, 75]]
Coordenadas:   [[-76.48259707735653, 3.487968627894606, 75]]
Coordenadas:   [[-76.48233945325892, 3.497117247600218, 75]]
Coordenadas:   [[-76.48226626856804, 3.4916807914641126, 75]]
Coordenadas:   [[-76.48241460671171, 3.4956974055528574, 75]]
Coordenadas:   [[-76.48348851541502, 3.4943980310117704, 75]]
Coordenadas:   [[-76.48689758325924, 3.495493317445026, 75]]
Poblaciones Evaluadas
Mejor individuo de la poblacion:
[4, 780, 76, 0.045, 674, 284, 2, 0.32] [75, 1139.003450870514]
Generacion #:  20
Poblaciones nuevas
Poblacion :  [4, 932, 89, 0.027, 234, 52, 4, 0.469]
Poblacion :  [5, 780, 76, 0.045, 674, 284, 2, 0.32]
Poblacion :  [5, 906, 85, 0.02, 745, 10, 1, 0.018]
Poblacion :  [3, 799, 91, 0.043, 18, 219, 1, 0.4]
Poblacion :  [3, 829, 37, 0.009, 277, 38, 1, 0.414]
Poblacion :  [1, 593, 38, 0.043, 401, 23, 3, 0.181]
Poblacion :  [3, 393, 11, 0.05, 111, 44, 5, 0.15]
Poblacion :  [3, 229, 19, 0.039, 151, 44, 2, 0.434]
Poblacion :  [2, 254, 60, 0.049, 49, 8, 5, 0.321]
Poblacion :  [1, 456, 63, 0.021, 102, 31, 2, 0.18]
Coordenadas:   [[-76.49172664501025, 3.45250324265988, 78]]
Coordenadas:   [[-76.48835252018962, 3.4962322752801693, 75]]
Coordenadas:   [[-76.4802602001942, 3.491017514454593, 75]]
Coordenadas:   [[-76.49201869298656, 3.4530450219041815, 78]]
Coordenadas:   [[-76.48649844658252, 3.4953482017584716, 75]]
Coordenadas:   [[-76.48367681200361, 3.488926171816063, 75]]
Coordenadas:   [[-76.49039206053583, 3.4965496030766654, 75]]
Coordenadas:   [[-76.48371069337044, 3.490471916229271, 75]]
Coordenadas:   [[-76.48850867052126, 3.493684811296444, 75]]
Coordenadas:   [[-76.48648574718345, 3.4937602616002783, 75]]
Poblaciones Evaluadas
Mejor individuo de la poblacion:
[4, 932, 89, 0.027, 234, 52, 4, 0.469] [78, 679.1491074562073]
--- Tiempo ejercucion tester: 90922.24528765678  ---
[[4, 932, 89, 0.027, 234, 52, 4, 0.469], [78, 679.1491074562073]]