Inician pruebas
Poblaciones iniciales
Poblacion:  [3, 566, 51, 0.023, 256, 103, 3, 0.111]
Poblacion:  [1, 493, 87, 0.039, 184, 43, 5, 0.107]
Poblacion:  [4, 502, 32, 0.012, 145, 114, 1, 0.263]
Poblacion:  [4, 943, 47, 0.046, 498, 146, 5, 0.266]
Poblacion:  [2, 745, 30, 0.041, 250, 53, 2, 0.253]
Poblacion:  [4, 590, 44, 0.01, 519, 60, 5, 0.022]
Poblacion:  [2, 572, 47, 0.005, 132, 269, 2, 0.027]
Poblacion:  [3, 145, 71, 0.018, 29, 55, 1, 0.125]
Poblacion:  [4, 319, 58, 0.036, 88, 55, 5, 0.231]
Poblacion:  [3, 774, 21, 0.023, 541, 40, 3, 0.248]
Coordenadas:   [[-76.48235634272226, 3.4984386687005986, 75]]
Coordenadas:   [[-76.4863758319278, 3.496811963994147, 75]]
Coordenadas:   [[-76.4863243971408, 3.4916069768944613, 75]]
Coordenadas:   [[-76.48747369551393, 3.503113427253311, 75]]
Coordenadas:   [[-76.47737419343214, 3.4904030926492884, 75]]
Coordenadas:   [[-76.48873066756482, 3.496268704217492, 75]]
Coordenadas:   [[-76.4855852156019, 3.494727733669225, 75]]
Coordenadas:   [[-76.48983148471996, 3.4987036860395317, 75]]
Coordenadas:   [[-76.48008548677183, 3.486937644683915, 75]]
Coordenadas:   [[-76.48005251662508, 3.495332323060965, 75]]
Generacion #:  1
Poblaciones nuevas
Poblacion :  [4, 943, 47, 0.046, 498, 60, 5, 0.022]
Poblacion :  [4, 590, 44, 0.01, 519, 146, 5, 0.266]
Poblacion :  [3, 566, 58, 0.036, 88, 55, 5, 0.231]
Poblacion :  [4, 319, 51, 0.023, 256, 103, 3, 0.111]
Poblacion :  [2, 572, 47, 0.005, 132, 269, 2, 0.027]
Poblacion :  [5, 49, 20, 0.034, 7, 21, 2, 0.321]
Poblacion :  [2, 115, 38, 0.014, 86, 30, 1, 0.281]
Poblacion :  [5, 297, 40, 0.033, 285, 81, 4, 0.036]
Poblacion :  [3, 575, 44, 0.036, 14, 277, 3, 0.204]
Poblacion :  [3, 675, 13, 0.023, 555, 212, 1, 0.416]
Coordenadas:   [[-76.4752579759066, 3.4920366520247894, 75]]
Coordenadas:   [[-76.48684165763105, 3.50118253890764, 75]]
Coordenadas:   [[-76.49195720324931, 3.452352684387689, 78]]
Coordenadas:   [[-76.48377064111394, 3.500073325793322, 75]]
Coordenadas:   [[-76.48881628919828, 3.499993654486666, 75]]
Coordenadas:   [[-76.48091185773603, 3.4868210064176006, 75]]
Coordenadas:   [[-76.48573324142149, 3.501868233345992, 75]]
Coordenadas:   [[-76.48268326510367, 3.4976507995847275, 75]]
Coordenadas:   [[-76.48554750918453, 3.4999590008106987, 75]]
Coordenadas:   [[-76.49218430189059, 3.4523674578428785, 78]]
Poblaciones Evaluadas
Poblacion :  [4, 943, 47, 0.046, 498, 60, 5, 0.022] Valor Aptitud :  [75, 388.62621665000916]
Poblacion :  [4, 590, 44, 0.01, 519, 146, 5, 0.266] Valor Aptitud :  [75, 290.6055324077606]
Poblacion :  [3, 566, 58, 0.036, 88, 55, 5, 0.231] Valor Aptitud :  [78, 199.23277378082275]
Poblacion :  [4, 319, 51, 0.023, 256, 103, 3, 0.111] Valor Aptitud :  [75, 155.51777148246765]
Poblacion :  [2, 572, 47, 0.005, 132, 269, 2, 0.027] Valor Aptitud :  [75, 143.51088857650757]
Poblacion :  [5, 49, 20, 0.034, 7, 21, 2, 0.321] Valor Aptitud :  [75, 10.309704065322876]
Poblacion :  [2, 115, 38, 0.014, 86, 30, 1, 0.281] Valor Aptitud :  [75, 18.303258180618286]
Poblacion :  [5, 297, 40, 0.033, 285, 81, 4, 0.036] Valor Aptitud :  [75, 139.17082929611206]
Poblacion :  [3, 575, 44, 0.036, 14, 277, 3, 0.204] Valor Aptitud :  [75, 159.87907242774963]
Poblacion :  [3, 675, 13, 0.023, 555, 212, 1, 0.416] Valor Aptitud :  [78, 82.43286085128784]
Mejor individuo de la poblacion:
[3, 566, 58, 0.036, 88, 55, 5, 0.231] [78, 199.23277378082275]
Generacion #:  2
Poblaciones nuevas
Poblacion :  [3, 566, 58, 0.036, 555, 212, 1, 0.416]
Poblacion :  [3, 675, 13, 0.023, 88, 55, 5, 0.231]
Poblacion :  [4, 943, 47, 0.046, 498, 146, 5, 0.266]
Poblacion :  [4, 590, 44, 0.01, 519, 60, 5, 0.022]
Poblacion :  [3, 575, 44, 0.036, 14, 277, 3, 0.204]
Poblacion :  [5, 616, 38, 0.036, 607, 287, 3, 0.289]
Poblacion :  [5, 702, 80, 0.046, 210, 65, 3, 0.055]
Poblacion :  [5, 323, 66, 0.031, 117, 77, 2, 0.335]
Poblacion :  [2, 373, 42, 0.008, 338, 155, 1, 0.065]
Poblacion :  [5, 423, 63, 0.02, 30, 113, 1, 0.493]
Coordenadas:   [[-76.49117024817228, 3.4980639664210913, 75]]
Coordenadas:   [[-76.48586788601477, 3.4969747931090067, 75]]
Coordenadas:   [[-76.4878689247721, 3.495744430469856, 75]]
Coordenadas:   [[-76.4819718188088, 3.498733932573183, 75]]
Coordenadas:   [[-76.4810115315128, 3.4968575667879334, 75]]
Coordenadas:   [[-76.49161916584924, 3.4977446143507596, 75]]
Coordenadas:   [[-76.47827591523595, 3.48881167137607, 75]]
Coordenadas:   [[-76.47892151663207, 3.487262428528768, 75]]
Coordenadas:   [[-76.47593409327527, 3.490052287127904, 75]]
Coordenadas:   [[-76.49045714327802, 3.497383872632458, 75]]
Poblaciones Evaluadas
Mejor individuo de la poblacion:
[5, 616, 38, 0.036, 607, 287, 3, 0.289] [75, 603.2614686489105]
Generacion #:  3
Poblaciones nuevas
Poblacion :  [5, 616, 38, 0.036, 607, 65, 3, 0.055]
Poblacion :  [5, 702, 80, 0.046, 210, 287, 3, 0.289]
Poblacion :  [4, 566, 58, 0.036, 555, 212, 1, 0.416]
Poblacion :  [3, 943, 47, 0.046, 498, 146, 5, 0.266]
Poblacion :  [5, 423, 63, 0.02, 30, 113, 1, 0.493]
Poblacion :  [2, 350, 33, 0.027, 93, 88, 1, 0.04]
Poblacion :  [2, 419, 64, 0.006, 172, 143, 3, 0.304]
Poblacion :  [2, 605, 18, 0.041, 132, 247, 5, 0.185]
Poblacion :  [3, 55, 77, 0.002, 22, 23, 3, 0.372]
Poblacion :  [5, 979, 79, 0.01, 940, 91, 3, 0.292]
Coordenadas:   [[-76.48825605687766, 3.493573308315983, 75]]
Coordenadas:   [[-76.47906347744738, 3.4867816179827718, 75]]
Coordenadas:   [[-76.4822475548424, 3.496992658700558, 75]]
Coordenadas:   [[-76.49122452625535, 3.499258514094388, 75]]
Coordenadas:   [[-76.4866924672885, 3.4953413366379307, 75]]
Coordenadas:   [[-76.48271697418487, 3.492632852535841, 75]]
Coordenadas:   [[-76.48559767820556, 3.4932952586584136, 75]]
Coordenadas:   [[-76.47733854433964, 3.4938601888943897, 75]]
Coordenadas:   [[-76.48049890102729, 3.495234388595838, 75]]
Coordenadas:   [[-76.47624501845999, 3.491108516753465, 75]]
Poblaciones Evaluadas
Mejor individuo de la poblacion:
[5, 979, 79, 0.01, 940, 91, 3, 0.292] [75, 1124.665596961975]
Generacion #:  4
Poblaciones nuevas
Poblacion :  [5, 979, 79, 0.046, 210, 287, 3, 0.289]
Poblacion :  [5, 702, 80, 0.01, 940, 91, 3, 0.292]
Poblacion :  [4, 566, 47, 0.046, 498, 146, 5, 0.266]
Poblacion :  [3, 943, 58, 0.036, 555, 212, 1, 0.416]
Poblacion :  [5, 616, 38, 0.036, 607, 65, 3, 0.055]
Poblacion :  [2, 962, 59, 0.034, 387, 104, 5, 0.209]
Poblacion :  [4, 229, 22, 0.03, 1, 74, 2, 0.492]
Poblacion :  [5, 41, 78, 0.047, 21, 20, 4, 0.309]
Poblacion :  [1, 621, 65, 0.004, 111, 241, 5, 0.219]
Poblacion :  [2, 368, 10, 0.033, 307, 53, 3, 0.025]
Coordenadas:   [[-76.48184470084652, 3.4937101999272704, 75]]
Coordenadas:   [[-76.48564919966512, 3.496621746810755, 75]]
Coordenadas:   [[-76.48894429867329, 3.497849245186094, 75]]
Coordenadas:   [[-76.47984149459506, 3.4951738919689186, 75]]
Coordenadas:   [[-76.4871689130881, 3.499075661478298, 75]]
Coordenadas:   [[-76.49210303203759, 3.5031519638904363, 75]]
Coordenadas:   [[-76.48667364113969, 3.4953600115610914, 75]]
Coordenadas:   [[-76.48014991585514, 3.4878404296925654, 75]]
Coordenadas:   [[-76.48721841108318, 3.501765845566818, 75]]
Coordenadas:   [[-76.48796393279595, 3.494499465981295, 75]]
Poblaciones Evaluadas
Mejor individuo de la poblacion:
[5, 979, 79, 0.046, 210, 287, 3, 0.289] [75, 1136.267006635666]
Generacion #:  5
Poblaciones nuevas
Poblacion :  [5, 979, 79, 0.046, 210, 287, 3, 0.292]
Poblacion :  [5, 702, 80, 0.01, 940, 91, 3, 0.289]
Poblacion :  [3, 943, 58, 0.046, 498, 146, 5, 0.266]
Poblacion :  [4, 566, 47, 0.036, 555, 212, 1, 0.416]
Poblacion :  [5, 616, 38, 0.036, 607, 65, 3, 0.055]
Poblacion :  [1, 462, 35, 0.017, 311, 221, 4, 0.488]
Poblacion :  [1, 923, 83, 0.038, 490, 119, 2, 0.272]
Poblacion :  [2, 684, 13, 0.008, 39, 76, 4, 0.093]
Poblacion :  [1, 758, 95, 0.003, 412, 303, 4, 0.17]
Poblacion :  [3, 488, 99, 0.007, 451, 226, 1, 0.465]
Coordenadas:   [[-76.48988515735093, 3.5022635469357715, 75]]
Coordenadas:   [[-76.48280209138662, 3.488420194597953, 75]]
Coordenadas:   [[-76.48732100736052, 3.4983534039418154, 75]]
Coordenadas:   [[-76.48071485223802, 3.495455596544526, 75]]
Coordenadas:   [[-76.48188707253685, 3.495462823386275, 75]]
Coordenadas:   [[-76.48367997938702, 3.4995507805734922, 75]]
Coordenadas:   [[-76.47805566160565, 3.4881657364629146, 75]]
Coordenadas:   [[-76.48692591263796, 3.496127561571709, 75]]
Coordenadas:   [[-76.48188871208622, 3.4962153031127463, 75]]
Coordenadas:   [[-76.47856210138058, 3.494010644171676, 75]]
Poblaciones Evaluadas
Mejor individuo de la poblacion:
[5, 979, 79, 0.046, 210, 287, 3, 0.292] [75, 859.1656465530396]
Generacion #:  6
Poblaciones nuevas
Poblacion :  [5, 979, 79, 0.046, 940, 91, 3, 0.289]
Poblacion :  [5, 702, 80, 0.01, 210, 287, 3, 0.292]
Poblacion :  [3, 488, 99, 0.007, 498, 146, 5, 0.266]
Poblacion :  [3, 943, 58, 0.046, 451, 226, 1, 0.465]
Poblacion :  [4, 566, 47, 0.036, 555, 212, 1, 0.416]
Poblacion :  [1, 733, 65, 0.021, 561, 56, 5, 0.347]
Poblacion :  [1, 639, 58, 0.043, 631, 295, 2, 0.084]
Poblacion :  [5, 148, 53, 0.047, 113, 34, 5, 0.156]
Poblacion :  [4, 343, 72, 0.045, 175, 114, 3, 0.113]
Poblacion :  [1, 408, 55, 0.018, 382, 182, 1, 0.437]
Coordenadas:   [[-76.48852228170398, 3.4940737990865003, 75]]
Coordenadas:   [[-76.4852452290918, 3.499588179680649, 75]]
Coordenadas:   [[-76.49135804053536, 3.499570994166553, 75]]
Coordenadas:   [[-76.48452527313188, 3.498491105420306, 75]]
Coordenadas:   [[-76.48110421157395, 3.4924960478311085, 75]]
Coordenadas:   [[-76.47706949382702, 3.489734003430499, 75]]
Coordenadas:   [[-76.53860144710981, 3.4855800965925154, 72]]
Coordenadas:   [[-76.48651091724444, 3.4987710605871722, 75]]
Coordenadas:   [[-76.48017777162535, 3.495077729331755, 75]]
Coordenadas:   [[-76.48976025422984, 3.499000806639249, 75]]
Poblaciones Evaluadas
Mejor individuo de la poblacion:
[5, 979, 79, 0.046, 940, 91, 3, 0.289] [75, 750.0794842243195]
Generacion #:  7
Poblaciones nuevas
Poblacion :  [5, 979, 79, 0.046, 940, 91, 3, 0.292]
Poblacion :  [5, 702, 80, 0.01, 210, 287, 3, 0.289]
Poblacion :  [3, 943, 58, 0.046, 451, 146, 5, 0.266]
Poblacion :  [3, 488, 99, 0.007, 498, 226, 1, 0.465]
Poblacion :  [4, 566, 47, 0.036, 555, 212, 1, 0.416]
Poblacion :  [3, 322, 31, 0.04, 113, 21, 1, 0.286]
Poblacion :  [3, 956, 44, 0.013, 811, 97, 2, 0.321]
Poblacion :  [4, 855, 68, 0.003, 757, 22, 5, 0.079]
Poblacion :  [5, 738, 34, 0.025, 685, 334, 3, 0.345]
Poblacion :  [2, 742, 24, 0.033, 694, 310, 1, 0.089]
Coordenadas:   [[-76.49202264847213, 3.50282669865095, 75]]
Coordenadas:   [[-76.47888769538578, 3.4948207727189486, 75]]
Coordenadas:   [[-76.4831487211011, 3.4987321326660377, 75]]
Coordenadas:   [[-76.48403438965194, 3.4924011711176446, 75]]
Coordenadas:   [[-76.47810883234136, 3.4883416335513435, 75]]
Coordenadas:   [[-76.48606294921484, 3.501962826000414, 75]]
Coordenadas:   [[-76.48939574161322, 3.4962141666052533, 75]]
Coordenadas:   [[-76.47746578501825, 3.493546280495738, 75]]
Coordenadas:   [[-76.48629899570267, 3.501192497553615, 75]]
Coordenadas:   [[-76.48409270899181, 3.4942057895212724, 75]]
Poblaciones Evaluadas
Mejor individuo de la poblacion:
[5, 979, 79, 0.046, 940, 91, 3, 0.292] [75, 750.9551076889038]
Generacion #:  8
Poblaciones nuevas
Poblacion :  [5, 979, 79, 0.046, 940, 91, 3, 0.289]
Poblacion :  [5, 702, 80, 0.01, 210, 287, 3, 0.292]
Poblacion :  [5, 738, 34, 0.025, 498, 226, 1, 0.465]
Poblacion :  [3, 488, 99, 0.007, 685, 334, 3, 0.345]
Poblacion :  [4, 855, 68, 0.003, 757, 22, 5, 0.079]
Poblacion :  [2, 940, 28, 0.005, 695, 358, 4, 0.324]
Poblacion :  [5, 465, 44, 0.005, 60, 138, 2, 0.268]
Poblacion :  [3, 46, 21, 0.045, 46, 4, 4, 0.27]
Poblacion :  [3, 846, 84, 0.029, 649, 394, 3, 0.338]
Poblacion :  [1, 463, 61, 0.045, 144, 155, 1, 0.357]
Coordenadas:   [[-76.49075970197102, 3.5012234067074086, 75]]
Coordenadas:   [[-76.48590995994279, 3.4913542711278978, 75]]
Coordenadas:   [[-76.48963914118048, 3.4955441821697173, 75]]
Coordenadas:   [[-76.49245668226484, 3.5020283453313854, 75]]
Coordenadas:   [[-76.49094778070429, 3.5017781298188537, 75]]
Coordenadas:   [[-76.48825631119045, 3.5032451986926363, 75]]
Coordenadas:   [[-76.48386358785908, 3.4997539661796737, 75]]
Coordenadas:   [[-76.49250161513656, 3.384983265770326, 69]]
Coordenadas:   [[-76.48104307344143, 3.4955013649281823, 75]]
Coordenadas:   [[-76.49134466350964, 3.5002958052502877, 75]]
Poblaciones Evaluadas
Mejor individuo de la poblacion:
[3, 846, 84, 0.029, 649, 394, 3, 0.338] [75, 1125.19966006279]
Generacion #:  9
Poblaciones nuevas
Poblacion :  [3, 846, 84, 0.029, 649, 334, 3, 0.345]
Poblacion :  [3, 488, 99, 0.007, 685, 394, 3, 0.338]
Poblacion :  [5, 979, 79, 0.046, 940, 91, 3, 0.292]
Poblacion :  [5, 702, 80, 0.01, 210, 287, 3, 0.289]
Poblacion :  [4, 855, 68, 0.003, 757, 22, 5, 0.079]
Poblacion :  [4, 224, 62, 0.024, 150, 17, 1, 0.418]
Poblacion :  [4, 693, 77, 0.004, 121, 31, 4, 0.485]
Poblacion :  [4, 58, 14, 0.031, 51, 12, 2, 0.172]
Poblacion :  [5, 361, 95, 0.047, 81, 36, 2, 0.275]
Poblacion :  [2, 250, 18, 0.022, 96, 124, 2, 0.21]
Coordenadas:   [[-76.47978610168423, 3.4951775125981746, 75]]
Coordenadas:   [[-76.48284409022448, 3.4972460640448984, 75]]
Coordenadas:   [[-76.48801716479419, 3.497248792922398, 75]]
Coordenadas:   [[-76.47675480540455, 3.488122894628127, 75]]
Coordenadas:   [[-76.48270586300664, 3.491747777239032, 75]]
Coordenadas:   [[-76.48444046033151, 3.4953810187978234, 75]]
Coordenadas:   [[-76.47838081946342, 3.488096217725392, 75]]
Coordenadas:   [[-76.4870684442677, 3.5017232432803183, 75]]
Coordenadas:   [[-76.48269300776242, 3.495117241229943, 75]]
Coordenadas:   [[-76.48580699076143, 3.4966847347958407, 75]]
Poblaciones Evaluadas
Mejor individuo de la poblacion:
[3, 488, 99, 0.007, 685, 394, 3, 0.338] [75, 1203.376200914383]
Generacion #:  10
Poblaciones nuevas
Poblacion :  [3, 488, 99, 0.007, 685, 394, 3, 0.345]
Poblacion :  [3, 846, 84, 0.029, 649, 334, 3, 0.338]
Poblacion :  [5, 979, 79, 0.046, 210, 287, 3, 0.289]
Poblacion :  [5, 702, 80, 0.01, 940, 91, 3, 0.292]
Poblacion :  [4, 855, 68, 0.003, 757, 22, 5, 0.079]
Poblacion :  [2, 434, 68, 0.033, 398, 67, 4, 0.482]
Poblacion :  [1, 744, 36, 0.007, 127, 173, 2, 0.215]
Poblacion :  [2, 150, 12, 0.033, 138, 71, 2, 0.33]
Poblacion :  [1, 849, 27, 0.003, 116, 218, 1, 0.041]
Poblacion :  [5, 65, 77, 0.025, 51, 18, 5, 0.121]
Coordenadas:   [[-76.48939046399543, 3.4962311508218846, 75]]
Coordenadas:   [[-76.48683059797007, 3.5016074656401255, 75]]
Coordenadas:   [[-76.49217273378254, 3.4526871814966515, 78]]
Coordenadas:   [[-76.47916673763518, 3.4891182977923445, 75]]
Coordenadas:   [[-76.48154442516649, 3.4981298854398415, 75]]
Coordenadas:   [[-76.48193159416185, 3.4932940959749836, 75]]
Coordenadas:   [[-76.48023597217168, 3.4958126175342046, 75]]
Coordenadas:   [[-76.48503670476994, 3.4999033706932003, 75]]
Coordenadas:   [[-76.48255002995711, 3.4884420765073703, 75]]
Coordenadas:   [[-76.4783769180923, 3.4938684500366235, 75]]
Poblaciones Evaluadas
Mejor individuo de la poblacion:
[5, 979, 79, 0.046, 210, 287, 3, 0.289] [78, 852.2863223552704]
Generacion #:  11
Poblaciones nuevas
Poblacion :  [5, 979, 79, 0.046, 210, 287, 3, 0.345]
Poblacion :  [3, 488, 99, 0.007, 685, 394, 3, 0.289]
Poblacion :  [3, 846, 84, 0.029, 649, 91, 3, 0.292]
Poblacion :  [5, 702, 80, 0.01, 940, 334, 3, 0.338]
Poblacion :  [4, 855, 68, 0.003, 757, 22, 5, 0.079]
Poblacion :  [5, 166, 84, 0.007, 2, 17, 5, 0.235]
Poblacion :  [4, 339, 13, 0.023, 53, 55, 5, 0.417]
Poblacion :  [3, 875, 58, 0.002, 435, 385, 3, 0.137]
Poblacion :  [4, 943, 89, 0.014, 566, 467, 2, 0.161]
Poblacion :  [2, 291, 84, 0.018, 114, 122, 2, 0.121]
Coordenadas:   [[-76.49188757511634, 3.4527668489524768, 78]]
Coordenadas:   [[-76.48508960629779, 3.492610231333211, 75]]
Coordenadas:   [[-76.48900380319336, 3.4961531838856255, 75]]
Coordenadas:   [[-76.47976498432074, 3.4879216012315664, 75]]
Coordenadas:   [[-76.49250046100047, 3.4992198118579485, 75]]
Coordenadas:   [[-76.48059201586207, 3.4931521442391578, 75]]
Coordenadas:   [[-76.48560386480757, 3.4994295193085923, 75]]
Coordenadas:   [[-76.48825640258696, 3.500490741439203, 75]]
Coordenadas:   [[-76.47996515004189, 3.4885899131401894, 75]]
Coordenadas:   [[-76.48717268006462, 3.499812439079661, 75]]
Poblaciones Evaluadas
Mejor individuo de la poblacion:
[5, 979, 79, 0.046, 210, 287, 3, 0.345] [78, 852.2199144363403]
Generacion #:  12
Poblaciones nuevas
Poblacion :  [5, 979, 79, 0.046, 210, 287, 2, 0.161]
Poblacion :  [4, 943, 89, 0.014, 566, 467, 3, 0.345]
Poblacion :  [5, 702, 99, 0.007, 685, 394, 3, 0.289]
Poblacion :  [3, 488, 80, 0.01, 940, 334, 3, 0.338]
Poblacion :  [3, 875, 58, 0.002, 435, 385, 3, 0.137]
Poblacion :  [3, 742, 95, 0.041, 472, 230, 3, 0.014]
Poblacion :  [4, 402, 59, 0.023, 220, 196, 1, 0.16]
Poblacion :  [4, 437, 92, 0.004, 282, 35, 3, 0.015]
Poblacion :  [1, 459, 63, 0.035, 432, 88, 5, 0.298]
Poblacion :  [5, 111, 54, 0.028, 36, 33, 2, 0.263]
Coordenadas:   [[-76.49170493998975, 3.5025745454126964, 75]]
Coordenadas:   [[-76.47956180806672, 3.4886299952741178, 75]]
Coordenadas:   [[-76.48637941518965, 3.4982778526021954, 75]]
Coordenadas:   [[-76.4904990645673, 3.502044356413223, 75]]
Coordenadas:   [[-76.4925326191687, 3.5006011186150006, 75]]
Coordenadas:   [[-76.47683960896694, 3.489917176909619, 75]]
Coordenadas:   [[-76.48181297054013, 3.490246548020187, 75]]
Coordenadas:   [[-76.4782017115809, 3.4922973613933426, 75]]
Coordenadas:   [[-76.55430472732117, 3.475465985481316, 72]]
Coordenadas:   [[-76.48984929301055, 3.4989242978747748, 75]]
Poblaciones Evaluadas
Mejor individuo de la poblacion:
[5, 702, 99, 0.007, 685, 394, 3, 0.289] [75, 2694.5499560832977]
Generacion #:  13
Poblaciones nuevas
Poblacion :  [5, 702, 99, 0.014, 566, 467, 3, 0.345]
Poblacion :  [4, 943, 89, 0.007, 685, 394, 3, 0.289]
Poblacion :  [3, 488, 80, 0.01, 940, 287, 2, 0.161]
Poblacion :  [5, 979, 79, 0.046, 210, 334, 3, 0.338]
Poblacion :  [3, 875, 58, 0.002, 435, 385, 3, 0.137]
Poblacion :  [2, 602, 88, 0.002, 345, 118, 3, 0.165]
Poblacion :  [5, 135, 21, 0.022, 126, 45, 2, 0.37]
Poblacion :  [1, 672, 23, 0.019, 51, 157, 2, 0.145]
Poblacion :  [2, 238, 85, 0.019, 140, 1, 2, 0.151]
Poblacion :  [3, 309, 80, 0.007, 225, 62, 3, 0.394]
Coordenadas:   [[-76.47609111976159, 3.4918605973560233, 75]]
Coordenadas:   [[-76.49080372758456, 3.4976417418737604, 75]]
Coordenadas:   [[-76.47787886938129, 3.488586374665817, 75]]
Coordenadas:   [[-76.491838626548, 3.4526472571023468, 78]]
Coordenadas:   [[-76.47819315868176, 3.4877187935478435, 75]]
Coordenadas:   [[-76.48369615787828, 3.5001689673810876, 75]]
Coordenadas:   [[-76.48997409034315, 3.5009809763468045, 75]]
Coordenadas:   [[-76.47712848899934, 3.4900693334430155, 75]]
Coordenadas:   [[-76.48793381168143, 3.5020418047142923, 75]]
Coordenadas:   [[-76.48458830372306, 3.491308844013255, 75]]
Poblaciones Evaluadas
Mejor individuo de la poblacion:
[5, 979, 79, 0.046, 210, 334, 3, 0.338] [78, 1129.5592319965363]
Generacion #:  14
Poblaciones nuevas
Poblacion :  [5, 979, 79, 0.046, 210, 334, 3, 0.345]
Poblacion :  [5, 702, 99, 0.014, 566, 467, 3, 0.338]
Poblacion :  [4, 488, 80, 0.01, 940, 287, 2, 0.161]
Poblacion :  [3, 943, 89, 0.007, 685, 394, 3, 0.289]
Poblacion :  [3, 875, 58, 0.002, 435, 385, 3, 0.137]
Poblacion :  [2, 844, 93, 0.004, 840, 278, 2, 0.195]
Poblacion :  [5, 346, 89, 0.024, 322, 55, 4, 0.488]
Poblacion :  [1, 376, 84, 0.004, 251, 125, 4, 0.077]
Poblacion :  [2, 306, 43, 0.015, 272, 142, 2, 0.37]
Poblacion :  [2, 886, 66, 0.024, 822, 201, 2, 0.118]
Coordenadas:   [[-76.47739497657598, 3.4935759632618058, 75]]
Coordenadas:   [[-76.48577171432792, 3.498799542447588, 75]]
Coordenadas:   [[-76.47649534750995, 3.491967100128012, 75]]
Coordenadas:   [[-76.47703534731829, 3.48978325745294, 75]]
Coordenadas:   [[-76.48126817951913, 3.4914018244511387, 75]]
Coordenadas:   [[-76.48514624299004, 3.5003249780518195, 75]]
Coordenadas:   [[-76.48381074008108, 3.496033928895552, 75]]
Coordenadas:   [[-76.47713461575363, 3.4924670407101797, 75]]
Coordenadas:   [[-76.48631626209585, 3.4978715969376233, 75]]
Coordenadas:   [[-76.48669883690113, 3.493828190233194, 75]]
Poblaciones Evaluadas
Mejor individuo de la poblacion:
[5, 702, 99, 0.014, 566, 467, 3, 0.338] [75, 2986.499932527542]
Generacion #:  15
Poblaciones nuevas
Poblacion :  [5, 702, 99, 0.007, 685, 394, 3, 0.289]
Poblacion :  [3, 943, 89, 0.014, 566, 467, 3, 0.338]
Poblacion :  [4, 488, 79, 0.046, 210, 334, 3, 0.345]
Poblacion :  [5, 979, 80, 0.01, 940, 287, 2, 0.161]
Poblacion :  [2, 844, 93, 0.004, 840, 278, 2, 0.195]
Poblacion :  [5, 873, 23, 0.029, 187, 124, 3, 0.123]
Poblacion :  [2, 255, 52, 0.024, 14, 65, 1, 0.252]
Poblacion :  [5, 836, 18, 0.012, 481, 218, 1, 0.047]
Poblacion :  [3, 904, 100, 0.019, 539, 424, 2, 0.278]
Poblacion :  [2, 89, 91, 0.039, 82, 5, 1, 0.282]
Coordenadas:   [[-76.47702389545256, 3.4933864710237117, 75]]
Coordenadas:   [[-76.48814151867879, 3.500282663158339, 75]]
Coordenadas:   [[-76.48650130739148, 3.5011407252936553, 75]]
Coordenadas:   [[-76.48483373142622, 3.493753056482709, 75]]
Coordenadas:   [[-76.48021857786436, 3.494445078715104, 75]]
Coordenadas:   [[-76.48624687794072, 3.500779344810936, 75]]
Coordenadas:   [[-76.48906351612155, 3.5033515144784713, 75]]
Coordenadas:   [[-76.48155510785399, 3.492476264662138, 75]]
Coordenadas:   [[-76.4766617765459, 3.489107631258755, 75]]
Coordenadas:   [[-76.48491990803433, 3.4941044044789358, 75]]
Poblaciones Evaluadas
Mejor individuo de la poblacion:
[5, 702, 99, 0.007, 685, 394, 3, 0.289] [75, 2688.0065071582794]
Generacion #:  16
Poblaciones nuevas
Poblacion :  [5, 904, 100, 0.019, 539, 424, 2, 0.278]
Poblacion :  [3, 702, 99, 0.007, 685, 394, 3, 0.289]
Poblacion :  [5, 979, 80, 0.01, 940, 287, 2, 0.338]
Poblacion :  [3, 943, 89, 0.014, 566, 467, 3, 0.161]
Poblacion :  [4, 488, 79, 0.046, 210, 334, 3, 0.345]
Poblacion :  [4, 640, 42, 0.001, 3, 140, 5, 0.127]
Poblacion :  [1, 41, 65, 0.002, 3, 1, 5, 0.482]
Poblacion :  [1, 80, 42, 0.022, 58, 25, 2, 0.492]
Poblacion :  [3, 714, 58, 0.011, 524, 159, 5, 0.396]
Poblacion :  [2, 976, 29, 0.025, 622, 68, 4, 0.357]
Coordenadas:   [[-76.48396081746294, 3.4933198595995165, 75]]
Coordenadas:   [[-76.49183258542487, 3.4528513414983135, 78]]
Coordenadas:   [[-76.48818891558086, 3.5015522138628947, 75]]
Coordenadas:   [[-76.49255774460259, 3.5000858344540635, 75]]
Coordenadas:   [[-76.48979008415402, 3.4963099052814766, 75]]
Coordenadas:   [[-76.48807019492148, 3.503162479254762, 75]]
Coordenadas:   [[-76.55230151467634, 3.4888173922131496, 69]]
Coordenadas:   [[-76.47748810569745, 3.489605783903845, 75]]
Coordenadas:   [[-76.48595567066808, 3.494007490586649, 75]]
Coordenadas:   [[-76.48678044190764, 3.4919942620043813, 75]]
Poblaciones Evaluadas
Mejor individuo de la poblacion:
[3, 702, 99, 0.007, 685, 394, 3, 0.289] [78, 1571.105694770813]
Generacion #:  17
Poblaciones nuevas
Poblacion :  [3, 904, 100, 0.019, 539, 424, 2, 0.278]
Poblacion :  [5, 702, 99, 0.007, 685, 394, 3, 0.289]
Poblacion :  [5, 979, 80, 0.01, 940, 287, 2, 0.161]
Poblacion :  [3, 943, 89, 0.014, 566, 467, 3, 0.338]
Poblacion :  [4, 488, 79, 0.046, 210, 334, 3, 0.345]
Poblacion :  [5, 665, 63, 0.039, 201, 29, 2, 0.171]
Poblacion :  [2, 958, 93, 0.014, 605, 89, 2, 0.078]
Poblacion :  [4, 221, 73, 0.024, 165, 18, 5, 0.485]
Poblacion :  [3, 525, 20, 0.019, 372, 166, 5, 0.371]
Poblacion :  [2, 192, 26, 0.03, 25, 15, 5, 0.178]
Coordenadas:   [[-76.47615142416204, 3.490658832830162, 75]]
Coordenadas:   [[-76.48477945720386, 3.490202504815026, 75]]
Coordenadas:   [[-76.48509329129392, 3.4927685419674157, 75]]
Coordenadas:   [[-76.4823437219568, 3.488835895490382, 75]]
Coordenadas:   [[-76.48232256089646, 3.4932234489569254, 75]]
Coordenadas:   [[-76.48064588580701, 3.4900848389076318, 75]]
Coordenadas:   [[-76.49004604566966, 3.5000600082064746, 75]]
Coordenadas:   [[-76.48218576619716, 3.4901332433001047, 75]]
Coordenadas:   [[-76.4864897499327, 3.4937205024575624, 75]]
Coordenadas:   [[-76.55062390054223, 3.4763183567784717, 72]]
Poblaciones Evaluadas
Mejor individuo de la poblacion:
[5, 702, 99, 0.007, 685, 394, 3, 0.289] [75, 2630.2647020816803]
Generacion #:  18
Poblaciones nuevas
Poblacion :  [5, 702, 99, 0.007, 685, 394, 3, 0.161]
Poblacion :  [5, 979, 80, 0.01, 940, 287, 2, 0.289]
Poblacion :  [3, 943, 89, 0.019, 539, 424, 2, 0.278]
Poblacion :  [3, 904, 100, 0.014, 566, 467, 3, 0.338]
Poblacion :  [4, 488, 79, 0.046, 210, 334, 3, 0.345]
Poblacion :  [5, 911, 14, 0.046, 478, 78, 2, 0.337]
Poblacion :  [1, 701, 59, 0.017, 85, 177, 4, 0.02]
Poblacion :  [2, 332, 18, 0.047, 268, 150, 4, 0.442]
Poblacion :  [1, 75, 74, 0.012, 21, 5, 3, 0.18]
Poblacion :  [4, 558, 73, 0.008, 214, 12, 5, 0.341]
Coordenadas:   [[-76.48852721227841, 3.495063950031981, 75]]
Coordenadas:   [[-76.48686437429086, 3.50226647348281, 75]]
Coordenadas:   [[-76.49003406868222, 3.4966185485567394, 75]]
Coordenadas:   [[-76.4912866973365, 3.497501783239314, 75]]
Coordenadas:   [[-76.48332152860519, 3.4886009911370315, 75]]
Coordenadas:   [[-76.4889153891154, 3.495726913711204, 75]]
Coordenadas:   [[-76.48706833226527, 3.497702112491239, 75]]
Coordenadas:   [[-76.47534937825371, 3.4899920054912967, 75]]
Coordenadas:   [[-76.54647226153024, 3.4814830527581746, 69]]
Coordenadas:   [[-76.48230845757813, 3.488594865323202, 75]]
Poblaciones Evaluadas
Mejor individuo de la poblacion:
[5, 702, 99, 0.007, 685, 394, 3, 0.161] [75, 2637.651345729828]
Generacion #:  19
Poblaciones nuevas
Poblacion :  [5, 702, 99, 0.007, 685, 287, 2, 0.289]
Poblacion :  [5, 979, 80, 0.01, 940, 394, 3, 0.161]
Poblacion :  [3, 904, 89, 0.019, 539, 424, 2, 0.278]
Poblacion :  [3, 943, 100, 0.014, 566, 467, 3, 0.338]
Poblacion :  [4, 488, 79, 0.046, 210, 334, 3, 0.345]
Poblacion :  [3, 750, 25, 0.044, 728, 104, 2, 0.074]
Poblacion :  [4, 734, 32, 0.029, 96, 219, 2, 0.085]
Poblacion :  [4, 531, 48, 0.049, 128, 217, 5, 0.469]
Poblacion :  [4, 260, 23, 0.01, 176, 43, 3, 0.065]
Poblacion :  [1, 571, 19, 0.024, 116, 72, 5, 0.052]
Coordenadas:   [[-76.49260149146946, 3.501885030897676, 75]]
Coordenadas:   [[-76.49184383849077, 3.501960315272365, 75]]
Coordenadas:   [[-76.48850662566299, 3.4962650234904276, 75]]
Coordenadas:   [[-76.49193966958795, 3.452814524211517, 78]]
Coordenadas:   [[-76.48127116661992, 3.4945190425454515, 75]]
Coordenadas:   [[-76.49059845524016, 3.498454501212136, 75]]
Coordenadas:   [[-76.48154133282951, 3.4871743810178075, 75]]
Coordenadas:   [[-76.4850705224958, 3.4942965517123863, 75]]
Coordenadas:   [[-76.4830775614584, 3.496978990837334, 75]]
Coordenadas:   [[-76.48912981557085, 3.4975591951633547, 75]]
Poblaciones Evaluadas
Mejor individuo de la poblacion:
[3, 943, 100, 0.014, 566, 467, 3, 0.338] [78, 1888.4649465084076]
Generacion #:  20
Poblaciones nuevas
Poblacion :  [3, 979, 80, 0.01, 940, 394, 3, 0.161]
Poblacion :  [5, 943, 100, 0.014, 566, 467, 3, 0.338]
Poblacion :  [5, 702, 99, 0.007, 685, 424, 2, 0.278]
Poblacion :  [3, 904, 89, 0.019, 539, 287, 2, 0.289]
Poblacion :  [4, 488, 79, 0.046, 210, 334, 3, 0.345]
Poblacion :  [1, 870, 45, 0.022, 591, 186, 2, 0.196]
Poblacion :  [2, 14, 53, 0.023, 11, 7, 4, 0.462]
Poblacion :  [2, 863, 36, 0.049, 19, 316, 1, 0.336]
Poblacion :  [2, 239, 54, 0.042, 81, 81, 2, 0.23]
Poblacion :  [1, 976, 39, 0.029, 56, 403, 5, 0.362]
Coordenadas:   [[-76.48189810646821, 3.494928176823243, 75]]
Coordenadas:   [[-76.49077877801085, 3.496680505117898, 75]]
Coordenadas:   [[-76.4837489498826, 3.4998189757041844, 75]]
Coordenadas:   [[-76.48144413762795, 3.492103399850387, 75]]
Coordenadas:   [[-76.48424743928986, 3.4967399216621775, 75]]
Coordenadas:   [[-76.48814596211008, 3.5007418124663685, 75]]
Coordenadas:   [[-76.51834163097288, 3.339810080756614, 49]]
Coordenadas:   [[-76.49041127734613, 3.503245152916412, 75]]
Coordenadas:   [[-76.48646230917888, 3.5004837580993313, 75]]
Coordenadas:   [[-76.49052486818731, 3.5033102815034733, 75]]
Poblaciones Evaluadas
Mejor individuo de la poblacion:
[5, 943, 100, 0.014, 566, 467, 3, 0.338] [75, 3159.2067198753357]
--- Tiempo ejercucion tester: 130005.47794389725  ---
[[5, 943, 100, 0.014, 566, 467, 3, 0.338], [75, 3159.2067198753357]]