Inician pruebas
Poblaciones iniciales
Poblacion:  [1, 133, 60, 0.042, 63, 54, 5, 0.091]
Poblacion:  [5, 19, 86, 0.044, 4, 7, 1, 0.089]
Poblacion:  [5, 578, 11, 0.015, 478, 286, 2, 0.428]
Poblacion:  [5, 415, 92, 0.023, 167, 168, 4, 0.393]
Poblacion:  [2, 986, 58, 0.022, 169, 56, 5, 0.374]
Poblacion:  [1, 374, 27, 0.034, 55, 93, 1, 0.265]
Poblacion:  [4, 26, 61, 0.037, 26, 7, 3, 0.044]
Poblacion:  [4, 612, 23, 0.016, 288, 136, 1, 0.424]
Poblacion:  [1, 665, 74, 0.023, 627, 262, 3, 0.227]
Poblacion:  [3, 486, 46, 0.015, 428, 128, 1, 0.493]
Coordenadas:   [[-76.491356377757, 3.5021241504554874, 75]]
Coordenadas:   [[-76.48392893916737, 3.500339648522974, 75]]
Coordenadas:   [[-76.48990739158734, 3.49631998465157, 75]]
Coordenadas:   [[-76.48788286959187, 3.497696524806748, 75]]
Coordenadas:   [[-76.48879847551181, 3.500737358785031, 75]]
Coordenadas:   [[-76.48277039211285, 3.4922813905470687, 75]]
Coordenadas:   [[-76.47525384509116, 3.4335454479209413, 44]]
Coordenadas:   [[-76.48032494910264, 3.4932764272958665, 75]]
Coordenadas:   [[-76.47678331183319, 3.491895349806199, 75]]
Coordenadas:   [[-76.48625112536575, 3.4927434412289178, 75]]
Generacion #:  1
Poblaciones nuevas
Poblacion :  [5, 415, 58, 0.022, 169, 56, 5, 0.374]
Poblacion :  [2, 986, 92, 0.023, 167, 168, 4, 0.393]
Poblacion :  [1, 665, 74, 0.015, 478, 286, 2, 0.428]
Poblacion :  [5, 578, 11, 0.023, 627, 262, 3, 0.227]
Poblacion :  [3, 486, 46, 0.015, 428, 128, 1, 0.493]
Poblacion :  [4, 53, 51, 0.046, 7, 20, 3, 0.418]
Poblacion :  [3, 782, 68, 0.02, 706, 182, 3, 0.284]
Poblacion :  [4, 706, 67, 0.023, 275, 130, 4, 0.468]
Poblacion :  [3, 193, 85, 0.042, 108, 96, 1, 0.324]
Poblacion :  [2, 901, 26, 0.002, 350, 406, 1, 0.221]
Coordenadas:   [[-76.48612761014995, 3.497426902025497, 75]]
Coordenadas:   [[-76.4867065945861, 3.5001713448830465, 75]]
Coordenadas:   [[-76.49047261056685, 3.502426047477812, 75]]
Coordenadas:   [[-76.48634991117586, 3.492799252740031, 75]]
Coordenadas:   [[-76.48356812737975, 3.4894382879112134, 75]]
Coordenadas:   [[-76.4916601137338, 3.4983772510446114, 75]]
Coordenadas:   [[-76.49102003908186, 3.4981130010691777, 75]]
Coordenadas:   [[-76.48899701731855, 3.496592350485548, 75]]
Coordenadas:   [[-76.48334851541122, 3.498589781109823, 75]]
Coordenadas:   [[-76.47635650072608, 3.492790097018823, 75]]
Poblaciones Evaluadas
Poblacion :  [5, 415, 58, 0.022, 169, 56, 5, 0.374] Valor Aptitud :  [75, 246.61452674865723]
Poblacion :  [2, 986, 92, 0.023, 167, 168, 4, 0.393] Valor Aptitud :  [75, 421.6826207637787]
Poblacion :  [1, 665, 74, 0.015, 478, 286, 2, 0.428] Valor Aptitud :  [75, 201.93038821220398]
Poblacion :  [5, 578, 11, 0.023, 627, 262, 3, 0.227] Valor Aptitud :  [75, 156.88721323013306]
Poblacion :  [3, 486, 46, 0.015, 428, 128, 1, 0.493] Valor Aptitud :  [75, 175.15876269340515]
Poblacion :  [4, 53, 51, 0.046, 7, 20, 3, 0.418] Valor Aptitud :  [75, 21.872926235198975]
Poblacion :  [3, 782, 68, 0.02, 706, 182, 3, 0.284] Valor Aptitud :  [75, 521.5806078910828]
Poblacion :  [4, 706, 67, 0.023, 275, 130, 4, 0.468] Valor Aptitud :  [75, 374.12682485580444]
Poblacion :  [3, 193, 85, 0.042, 108, 96, 1, 0.324] Valor Aptitud :  [75, 94.61257147789001]
Poblacion :  [2, 901, 26, 0.002, 350, 406, 1, 0.221] Valor Aptitud :  [75, 179.1130187511444]
Mejor individuo de la poblacion:
[3, 782, 68, 0.02, 706, 182, 3, 0.284] [75, 521.5806078910828]
Generacion #:  2
Poblaciones nuevas
Poblacion :  [3, 782, 68, 0.02, 706, 182, 3, 0.393]
Poblacion :  [2, 986, 92, 0.023, 167, 168, 4, 0.284]
Poblacion :  [4, 706, 67, 0.023, 275, 130, 4, 0.374]
Poblacion :  [5, 415, 58, 0.022, 169, 56, 5, 0.468]
Poblacion :  [1, 665, 74, 0.015, 478, 286, 2, 0.428]
Poblacion :  [4, 903, 62, 0.037, 748, 123, 3, 0.327]
Poblacion :  [4, 548, 32, 0.03, 203, 152, 1, 0.495]
Poblacion :  [2, 231, 68, 0.012, 84, 13, 5, 0.135]
Poblacion :  [1, 761, 53, 0.018, 225, 67, 2, 0.256]
Poblacion :  [2, 74, 23, 0.019, 51, 1, 4, 0.271]
Coordenadas:   [[-76.47632609893655, 3.4907194732720437, 75]]
Coordenadas:   [[-76.48020212993265, 3.4914464451682683, 75]]
Coordenadas:   [[-76.48635520597436, 3.4983122916063336, 75]]
Coordenadas:   [[-76.47895583249125, 3.4921758706142016, 75]]
Coordenadas:   [[-76.49099785932329, 3.497789297510175, 75]]
Coordenadas:   [[-76.47828403862478, 3.488485357325469, 75]]
Coordenadas:   [[-76.49144231594023, 3.5013624439553976, 75]]
Coordenadas:   [[-76.47734245233434, 3.492955353656016, 75]]
Coordenadas:   [[-76.48678282726897, 3.5013391660513262, 75]]
Coordenadas:   [[-76.48609737415178, 3.491278210422273, 75]]
Poblaciones Evaluadas
Mejor individuo de la poblacion:
[4, 903, 62, 0.037, 748, 123, 3, 0.327] [75, 656.9634399414062]
Generacion #:  3
Poblaciones nuevas
Poblacion :  [4, 782, 68, 0.02, 706, 182, 3, 0.393]
Poblacion :  [3, 903, 62, 0.037, 748, 123, 3, 0.327]
Poblacion :  [4, 706, 67, 0.023, 275, 168, 4, 0.284]
Poblacion :  [2, 986, 92, 0.023, 167, 130, 4, 0.374]
Poblacion :  [5, 415, 58, 0.022, 169, 56, 5, 0.468]
Poblacion :  [4, 724, 41, 0.004, 328, 209, 1, 0.178]
Poblacion :  [1, 996, 12, 0.009, 299, 130, 4, 0.475]
Poblacion :  [1, 818, 84, 0.025, 158, 251, 5, 0.452]
Poblacion :  [5, 208, 58, 0.016, 20, 91, 4, 0.488]
Poblacion :  [5, 169, 62, 0.006, 60, 49, 5, 0.247]
Coordenadas:   [[-76.4830402688809, 3.497487489915075, 75]]
Coordenadas:   [[-76.48431416647806, 3.4930616354432598, 75]]
Coordenadas:   [[-76.48075716023129, 3.4942779107723974, 75]]
Coordenadas:   [[-76.49084978422482, 3.499859191172605, 75]]
Coordenadas:   [[-76.48187316962621, 3.4983991538724233, 75]]
Coordenadas:   [[-76.49250591728443, 3.500386690839259, 75]]
Coordenadas:   [[-76.48290992247546, 3.4969976272043644, 75]]
Coordenadas:   [[-76.48316610156694, 3.4897774021362213, 75]]
Coordenadas:   [[-76.48134533073421, 3.497646968586286, 75]]
Coordenadas:   [[-76.48939345720461, 3.4987395415182334, 75]]
Poblaciones Evaluadas
Mejor individuo de la poblacion:
[4, 782, 68, 0.02, 706, 182, 3, 0.393] [75, 782.500969171524]
Generacion #:  4
Poblaciones nuevas
Poblacion :  [4, 782, 68, 0.02, 275, 168, 4, 0.284]
Poblacion :  [4, 706, 67, 0.023, 706, 182, 3, 0.393]
Poblacion :  [3, 903, 62, 0.037, 748, 130, 4, 0.374]
Poblacion :  [2, 986, 92, 0.023, 167, 123, 3, 0.327]
Poblacion :  [4, 724, 41, 0.004, 328, 209, 1, 0.178]
Poblacion :  [3, 655, 39, 0.021, 50, 4, 1, 0.195]
Poblacion :  [1, 991, 16, 0.046, 212, 166, 2, 0.457]
Poblacion :  [5, 558, 37, 0.031, 511, 102, 1, 0.336]
Poblacion :  [3, 61, 48, 0.008, 36, 4, 2, 0.372]
Poblacion :  [2, 38, 17, 0.022, 2, 17, 2, 0.417]
Coordenadas:   [[-76.49181922721837, 3.4523501524528313, 78]]
Coordenadas:   [[-76.47811237854509, 3.4902472459623075, 75]]
Coordenadas:   [[-76.48212482034478, 3.4940060507812305, 75]]
Coordenadas:   [[-76.48116706520175, 3.4873904966603617, 75]]
Coordenadas:   [[-76.48849483019586, 3.5017459442752394, 75]]
Coordenadas:   [[-76.48198737066244, 3.492144495374018, 75]]
Coordenadas:   [[-76.48580525688733, 3.495616937607448, 75]]
Coordenadas:   [[-76.48265035610386, 3.487861492671786, 75]]
Coordenadas:   [[-76.53849350407076, 3.4875689415193816, 72]]
Coordenadas:   [[-76.55451774780241, 3.476769275650463, 72]]
Poblaciones Evaluadas
Mejor individuo de la poblacion:
[4, 782, 68, 0.02, 275, 168, 4, 0.284] [78, 572.6712620258331]
Generacion #:  5
Poblaciones nuevas
Poblacion :  [4, 782, 67, 0.023, 706, 182, 3, 0.393]
Poblacion :  [4, 706, 68, 0.02, 275, 168, 4, 0.284]
Poblacion :  [3, 903, 92, 0.023, 167, 123, 3, 0.327]
Poblacion :  [2, 986, 62, 0.037, 748, 130, 4, 0.374]
Poblacion :  [4, 724, 41, 0.004, 328, 209, 1, 0.178]
Poblacion :  [2, 134, 53, 0.048, 87, 19, 1, 0.101]
Poblacion :  [5, 347, 25, 0.004, 70, 2, 2, 0.142]
Poblacion :  [2, 248, 13, 0.013, 221, 96, 1, 0.28]
Poblacion :  [5, 65, 87, 0.003, 20, 14, 2, 0.089]
Poblacion :  [4, 713, 16, 0.009, 423, 338, 2, 0.284]
Coordenadas:   [[-76.47817839326329, 3.489128919438205, 75]]
Coordenadas:   [[-76.47833725898106, 3.492856636648905, 75]]
Coordenadas:   [[-76.48130345458027, 3.486740941096361, 75]]
Coordenadas:   [[-76.48387235030589, 3.4995041029493645, 75]]
Coordenadas:   [[-76.48957763973748, 3.499015508335961, 75]]
Coordenadas:   [[-76.48200586796722, 3.4978542036970697, 75]]
Coordenadas:   [[-76.49043885536109, 3.49857917940747, 75]]
Coordenadas:   [[-76.4753751722428, 3.4907119909946194, 75]]
Coordenadas:   [[-76.4788161583733, 3.488699402346578, 75]]
Coordenadas:   [[-76.48653101123807, 3.4933260837282956, 75]]
Poblaciones Evaluadas
Mejor individuo de la poblacion:
[4, 782, 67, 0.023, 706, 182, 3, 0.393] [75, 739.8129589557648]
Generacion #:  6
Poblaciones nuevas
Poblacion :  [4, 782, 67, 0.023, 706, 182, 3, 0.327]
Poblacion :  [3, 903, 92, 0.023, 167, 123, 3, 0.393]
Poblacion :  [4, 706, 68, 0.004, 328, 209, 1, 0.178]
Poblacion :  [4, 724, 41, 0.02, 275, 168, 4, 0.284]
Poblacion :  [2, 986, 62, 0.037, 748, 130, 4, 0.374]
Poblacion :  [2, 811, 13, 0.019, 118, 250, 1, 0.047]
Poblacion :  [5, 747, 84, 0.043, 509, 204, 3, 0.069]
Poblacion :  [3, 747, 10, 0.013, 450, 366, 2, 0.281]
Poblacion :  [5, 647, 18, 0.04, 110, 42, 1, 0.25]
Poblacion :  [5, 982, 29, 0.012, 418, 135, 3, 0.182]
Coordenadas:   [[-76.48169306896438, 3.4882561002918564, 75]]
Coordenadas:   [[-76.47597201470442, 3.490312188091878, 75]]
Coordenadas:   [[-76.47505038945481, 3.490858971626137, 75]]
Coordenadas:   [[-76.49013026186778, 3.498627868722533, 75]]
Coordenadas:   [[-76.47891761193198, 3.4946146627769346, 75]]
Coordenadas:   [[-76.48263711242569, 3.4880017216621497, 75]]
Coordenadas:   [[-76.47583401309552, 3.4892700516793997, 75]]
Coordenadas:   [[-76.48004558219806, 3.4937576098712464, 75]]
Coordenadas:   [[-76.47559424716746, 3.4890285960808707, 75]]
Coordenadas:   [[-76.48571863904392, 3.4981953401452297, 75]]
Poblaciones Evaluadas
Mejor individuo de la poblacion:
[5, 747, 84, 0.043, 509, 204, 3, 0.069] [75, 966.7835583686829]
Generacion #:  7
Poblaciones nuevas
Poblacion :  [5, 782, 67, 0.023, 706, 182, 3, 0.327]
Poblacion :  [4, 747, 84, 0.043, 509, 204, 3, 0.069]
Poblacion :  [3, 903, 92, 0.023, 167, 123, 3, 0.178]
Poblacion :  [4, 706, 68, 0.004, 328, 209, 1, 0.393]
Poblacion :  [5, 982, 29, 0.012, 418, 135, 3, 0.182]
Poblacion :  [1, 901, 31, 0.001, 677, 174, 3, 0.112]
Poblacion :  [3, 723, 67, 0.037, 299, 310, 4, 0.287]
Poblacion :  [1, 695, 27, 0.001, 321, 55, 2, 0.195]
Poblacion :  [4, 333, 21, 0.016, 3, 98, 5, 0.269]
Poblacion :  [3, 223, 86, 0.045, 51, 2, 2, 0.146]
Coordenadas:   [[-76.47997497201402, 3.4915378183346575, 75]]
Coordenadas:   [[-76.48921693643067, 3.501412382058791, 75]]
Coordenadas:   [[-76.49191948582589, 3.4530728753343576, 78]]
Coordenadas:   [[-76.48885333963251, 3.4959167980522934, 75]]
Coordenadas:   [[-76.48174029807937, 3.496574782701672, 75]]
Coordenadas:   [[-76.48443452581876, 3.498786130441876, 75]]
Coordenadas:   [[-76.48696436633499, 3.4941161770820997, 75]]
Coordenadas:   [[-76.48237993775524, 3.4896908801347775, 75]]
Coordenadas:   [[-76.4753385213485, 3.491985050871162, 75]]
Coordenadas:   [[-76.48385175222074, 3.4946882726437556, 75]]
Poblaciones Evaluadas
Mejor individuo de la poblacion:
[3, 903, 92, 0.023, 167, 123, 3, 0.178] [78, 519.5603156089783]
Generacion #:  8
Poblaciones nuevas
Poblacion :  [3, 903, 67, 0.023, 706, 182, 3, 0.327]
Poblacion :  [5, 782, 92, 0.023, 167, 123, 3, 0.178]
Poblacion :  [4, 747, 84, 0.043, 509, 204, 4, 0.287]
Poblacion :  [3, 723, 67, 0.037, 299, 310, 3, 0.069]
Poblacion :  [4, 706, 68, 0.004, 328, 209, 1, 0.393]
Poblacion :  [4, 530, 25, 0.003, 108, 141, 4, 0.013]
Poblacion :  [5, 885, 95, 0.035, 793, 283, 5, 0.129]
Poblacion :  [4, 561, 97, 0.035, 528, 30, 2, 0.382]
Poblacion :  [3, 614, 40, 0.007, 401, 285, 5, 0.281]
Poblacion :  [3, 372, 25, 0.044, 51, 19, 2, 0.416]
Coordenadas:   [[-76.48510024519021, 3.491648480813727, 75]]
Coordenadas:   [[-76.49160166975739, 3.4970030362093416, 75]]
Coordenadas:   [[-76.49287591884512, 3.502271219627853, 75]]
Coordenadas:   [[-76.47922061086658, 3.487680325044113, 75]]
Coordenadas:   [[-76.49093480188043, 3.501038966426007, 75]]
Coordenadas:   [[-76.4801788006956, 3.4946659623496155, 75]]
Coordenadas:   [[-76.48549793486356, 3.498408255947801, 75]]
Coordenadas:   [[-76.49275399611966, 3.502816185979634, 75]]
Coordenadas:   [[-76.47852669976486, 3.49122858944717, 75]]
Coordenadas:   [[-76.48749431603981, 3.502714071555007, 75]]
Poblaciones Evaluadas
Mejor individuo de la poblacion:
[5, 885, 95, 0.035, 793, 283, 5, 0.129] [75, 1623.7267305850983]
Generacion #:  9
Poblaciones nuevas
Poblacion :  [5, 885, 95, 0.035, 793, 123, 3, 0.178]
Poblacion :  [5, 782, 92, 0.023, 167, 283, 5, 0.129]
Poblacion :  [4, 747, 84, 0.023, 706, 182, 3, 0.327]
Poblacion :  [3, 903, 67, 0.043, 509, 204, 4, 0.287]
Poblacion :  [4, 706, 68, 0.004, 328, 209, 1, 0.393]
Poblacion :  [1, 694, 15, 0.029, 201, 144, 1, 0.186]
Poblacion :  [2, 66, 73, 0.04, 32, 4, 4, 0.314]
Poblacion :  [4, 154, 46, 0.046, 150, 6, 3, 0.068]
Poblacion :  [5, 953, 52, 0.032, 628, 83, 3, 0.049]
Poblacion :  [3, 237, 87, 0.032, 143, 83, 3, 0.145]
Coordenadas:   [[-76.48734635852196, 3.5004450126641724, 75]]
Coordenadas:   [[-76.47878438278505, 3.4944062189474563, 75]]
Coordenadas:   [[-76.48475325053649, 3.5016642120601915, 75]]
Coordenadas:   [[-76.49176954845804, 3.4987508662015747, 75]]
Coordenadas:   [[-76.48691444942153, 3.493074164322109, 75]]
Coordenadas:   [[-76.49033867654386, 3.4998335733654584, 75]]
Coordenadas:   [[-76.48421324205152, 3.4999804353230637, 75]]
Coordenadas:   [[-76.49211078766174, 3.4983609761910253, 75]]
Coordenadas:   [[-76.48599951100289, 3.498786924079581, 75]]
Coordenadas:   [[-76.48501161021056, 3.4952141545595636, 75]]
Poblaciones Evaluadas
Mejor individuo de la poblacion:
[5, 885, 95, 0.035, 793, 123, 3, 0.178] [75, 882.5308229923248]
Generacion #:  10
Poblaciones nuevas
Poblacion :  [5, 885, 95, 0.035, 167, 283, 5, 0.129]
Poblacion :  [5, 782, 92, 0.023, 793, 123, 3, 0.178]
Poblacion :  [4, 747, 84, 0.023, 706, 83, 3, 0.049]
Poblacion :  [5, 953, 52, 0.032, 628, 182, 3, 0.327]
Poblacion :  [4, 706, 68, 0.004, 328, 209, 1, 0.393]
Poblacion :  [1, 715, 64, 0.013, 395, 106, 5, 0.163]
Poblacion :  [1, 651, 87, 0.014, 292, 309, 4, 0.366]
Poblacion :  [2, 582, 80, 0.005, 340, 120, 1, 0.197]
Poblacion :  [2, 803, 75, 0.036, 734, 135, 2, 0.46]
Poblacion :  [1, 588, 53, 0.035, 402, 25, 4, 0.018]
Coordenadas:   [[-76.48466242740234, 3.498706680932346, 75]]
Coordenadas:   [[-76.48638471546013, 3.4956576627386386, 75]]
Coordenadas:   [[-76.48802104927407, 3.5026490044847165, 75]]
Coordenadas:   [[-76.48323332726807, 3.4933794605597277, 75]]
Coordenadas:   [[-76.48114862900543, 3.493979096160668, 75]]
Coordenadas:   [[-76.47677177804671, 3.492923373185713, 75]]
Coordenadas:   [[-76.49016392595205, 3.5016795110123233, 75]]
Coordenadas:   [[-76.47721785498692, 3.4931759013120085, 75]]
Coordenadas:   [[-76.48165110924477, 3.4885899392849495, 75]]
Coordenadas:   [[-76.48866077139624, 3.4997900469722896, 75]]
Poblaciones Evaluadas
Mejor individuo de la poblacion:
[5, 885, 95, 0.035, 167, 283, 5, 0.129] [75, 880.1725747585297]
Generacion #:  11
Poblaciones nuevas
Poblacion :  [5, 885, 95, 0.035, 167, 283, 5, 0.178]
Poblacion :  [5, 782, 92, 0.023, 793, 123, 3, 0.129]
Poblacion :  [5, 953, 52, 0.032, 628, 182, 3, 0.049]
Poblacion :  [4, 747, 84, 0.023, 706, 83, 3, 0.327]
Poblacion :  [4, 706, 68, 0.004, 328, 209, 1, 0.393]
Poblacion :  [2, 196, 40, 0.026, 103, 80, 1, 0.172]
Poblacion :  [5, 947, 55, 0.009, 534, 163, 1, 0.397]
Poblacion :  [3, 279, 95, 0.001, 165, 51, 2, 0.153]
Poblacion :  [3, 965, 22, 0.024, 280, 140, 2, 0.275]
Poblacion :  [3, 541, 98, 0.033, 323, 52, 2, 0.297]
Coordenadas:   [[-76.47948004015387, 3.4911797269527844, 75]]
Coordenadas:   [[-76.48000730576584, 3.496633599446232, 75]]
Coordenadas:   [[-76.48202563661772, 3.495479179467846, 75]]
Coordenadas:   [[-76.48283292573696, 3.493955370364053, 75]]
Coordenadas:   [[-76.48654344514448, 3.500658108110904, 75]]
Coordenadas:   [[-76.48797950790103, 3.4988478728412984, 75]]
Coordenadas:   [[-76.49032986111219, 3.503045285404895, 75]]
Coordenadas:   [[-76.47858526051891, 3.491498570733005, 75]]
Coordenadas:   [[-76.48955389911387, 3.4982574382167, 75]]
Coordenadas:   [[-76.4921138861858, 3.5025580629710635, 75]]
Poblaciones Evaluadas
Mejor individuo de la poblacion:
[5, 885, 95, 0.035, 167, 283, 5, 0.178] [75, 879.7875576019287]
Generacion #:  12
Poblaciones nuevas
Poblacion :  [5, 885, 95, 0.035, 167, 283, 5, 0.129]
Poblacion :  [5, 782, 92, 0.023, 793, 123, 3, 0.178]
Poblacion :  [5, 953, 52, 0.032, 628, 182, 3, 0.397]
Poblacion :  [5, 947, 55, 0.009, 534, 163, 1, 0.049]
Poblacion :  [4, 747, 84, 0.023, 706, 83, 3, 0.327]
Poblacion :  [5, 842, 36, 0.042, 699, 103, 3, 0.332]
Poblacion :  [3, 437, 92, 0.009, 98, 48, 5, 0.079]
Poblacion :  [5, 974, 91, 0.037, 325, 155, 5, 0.41]
Poblacion :  [2, 902, 83, 0.011, 492, 150, 4, 0.421]
Poblacion :  [1, 441, 73, 0.02, 392, 49, 2, 0.025]
Coordenadas:   [[-76.48412969766957, 3.4940189864000364, 75]]
Coordenadas:   [[-76.48823865269571, 3.495065634930291, 75]]
Coordenadas:   [[-76.4863834150231, 3.5024892621185217, 75]]
Coordenadas:   [[-76.48936045156316, 3.4966031258141195, 75]]
Coordenadas:   [[-76.48912656378297, 3.495232324753235, 75]]
Coordenadas:   [[-76.48459168759767, 3.4948062582988073, 75]]
Coordenadas:   [[-76.48656652007158, 3.50048891115259, 75]]
Coordenadas:   [[-76.49207675624112, 3.4530158653942364, 78]]
Coordenadas:   [[-76.48247521846457, 3.4974957373891153, 75]]
Coordenadas:   [[-76.48992992019959, 3.499535719325308, 75]]
Poblaciones Evaluadas
Mejor individuo de la poblacion:
[5, 974, 91, 0.037, 325, 155, 5, 0.41] [78, 839.5324378013611]
Generacion #:  13
Poblaciones nuevas
Poblacion :  [5, 974, 95, 0.035, 167, 283, 5, 0.129]
Poblacion :  [5, 885, 91, 0.037, 325, 155, 5, 0.41]
Poblacion :  [5, 782, 52, 0.032, 628, 182, 3, 0.397]
Poblacion :  [5, 953, 92, 0.023, 793, 123, 3, 0.178]
Poblacion :  [5, 947, 55, 0.009, 534, 163, 1, 0.049]
Poblacion :  [3, 86, 32, 0.01, 7, 41, 3, 0.181]
Poblacion :  [5, 438, 72, 0.028, 382, 196, 1, 0.468]
Poblacion :  [4, 90, 26, 0.013, 41, 22, 5, 0.322]
Poblacion :  [5, 104, 98, 0.029, 54, 41, 2, 0.075]
Poblacion :  [2, 315, 83, 0.006, 308, 120, 3, 0.156]
Coordenadas:   [[-76.48807418813314, 3.5020469571323387, 75]]
Coordenadas:   [[-76.48944880705216, 3.4952541285662098, 75]]
Coordenadas:   [[-76.48416861429797, 3.4955499150128135, 75]]
Coordenadas:   [[-76.47649658511541, 3.4883771276648283, 75]]
Coordenadas:   [[-76.4821757248812, 3.4893533920509845, 75]]
Coordenadas:   [[-76.4786047641596, 3.4903908886494714, 75]]
Coordenadas:   [[-76.48494976792652, 3.5009473853479176, 75]]
Coordenadas:   [[-76.48552071895313, 3.501945895715323, 75]]
Coordenadas:   [[-76.48800116337274, 3.4963289317212363, 75]]
Coordenadas:   [[-76.48609097317731, 3.502327084551017, 75]]
Poblaciones Evaluadas
Mejor individuo de la poblacion:
[5, 974, 95, 0.035, 167, 283, 5, 0.129] [75, 948.6034545898438]
Generacion #:  14
Poblaciones nuevas
Poblacion :  [5, 953, 92, 0.023, 793, 123, 3, 0.178]
Poblacion :  [5, 974, 95, 0.035, 167, 283, 5, 0.129]
Poblacion :  [5, 885, 91, 0.037, 325, 155, 1, 0.049]
Poblacion :  [5, 947, 55, 0.009, 534, 163, 5, 0.41]
Poblacion :  [5, 782, 52, 0.032, 628, 182, 3, 0.397]
Poblacion :  [3, 482, 68, 0.006, 471, 162, 3, 0.049]
Poblacion :  [5, 467, 64, 0.015, 20, 154, 3, 0.373]
Poblacion :  [1, 406, 41, 0.013, 193, 37, 2, 0.294]
Poblacion :  [4, 169, 56, 0.045, 95, 3, 2, 0.121]
Poblacion :  [4, 551, 50, 0.048, 104, 246, 3, 0.311]
Coordenadas:   [[-76.48623188141295, 3.5027542817411117, 75]]
Coordenadas:   [[-76.4785819756117, 3.4890094592417777, 75]]
Coordenadas:   [[-76.47976901930654, 3.4856882050166393, 75]]
Coordenadas:   [[-76.48233010605975, 3.4955130076358416, 75]]
Coordenadas:   [[-76.48766603490014, 3.493693672253439, 75]]
Coordenadas:   [[-76.48781510495498, 3.499926338522995, 75]]
Coordenadas:   [[-76.48744735606209, 3.4996844184802134, 75]]
Coordenadas:   [[-76.4763365491065, 3.4931576160157456, 75]]
Coordenadas:   [[-76.48385948176568, 3.49136565883799, 75]]
Coordenadas:   [[-76.47872590232241, 3.4879963943235492, 75]]
Poblaciones Evaluadas
Mejor individuo de la poblacion:
[5, 974, 95, 0.035, 167, 283, 5, 0.129] [75, 948.5554220676422]
Generacion #:  15
Poblaciones nuevas
Poblacion :  [5, 974, 95, 0.035, 167, 283, 5, 0.178]
Poblacion :  [5, 953, 92, 0.023, 793, 123, 3, 0.129]
Poblacion :  [5, 947, 55, 0.009, 534, 163, 5, 0.41]
Poblacion :  [5, 885, 91, 0.037, 325, 155, 1, 0.049]
Poblacion :  [5, 782, 52, 0.032, 628, 182, 3, 0.397]
Poblacion :  [1, 686, 73, 0.041, 47, 61, 3, 0.256]
Poblacion :  [5, 775, 90, 0.021, 723, 146, 2, 0.11]
Poblacion :  [4, 49, 10, 0.05, 28, 15, 5, 0.322]
Poblacion :  [3, 781, 74, 0.049, 755, 357, 4, 0.068]
Poblacion :  [4, 962, 68, 0.026, 468, 334, 2, 0.221]
Coordenadas:   [[-76.48700622966872, 3.5021036941638855, 75]]
Coordenadas:   [[-76.48464049863318, 3.492806535221773, 75]]
Coordenadas:   [[-76.49223185544123, 3.452428266653044, 78]]
Coordenadas:   [[-76.4865440385715, 3.4964059842344644, 75]]
Coordenadas:   [[-76.48693864324396, 3.495545582583402, 75]]
Coordenadas:   [[-76.49029225211747, 3.496042271829154, 75]]
Coordenadas:   [[-76.4782508460204, 3.4939904079008746, 75]]
Coordenadas:   [[-76.48390943051116, 3.4957849215021186, 75]]
Coordenadas:   [[-76.48951571312578, 3.4990240351106583, 75]]
Coordenadas:   [[-76.49189921305899, 3.452557853633777, 78]]
Poblaciones Evaluadas
Mejor individuo de la poblacion:
[4, 962, 68, 0.026, 468, 334, 2, 0.221] [78, 857.9561274051666]
Generacion #:  16
Poblaciones nuevas
Poblacion :  [4, 962, 68, 0.026, 468, 334, 2, 0.41]
Poblacion :  [5, 947, 55, 0.009, 534, 163, 5, 0.221]
Poblacion :  [5, 781, 74, 0.049, 755, 357, 4, 0.068]
Poblacion :  [3, 974, 95, 0.035, 167, 283, 5, 0.178]
Poblacion :  [5, 953, 92, 0.023, 793, 123, 3, 0.129]
Poblacion :  [2, 762, 31, 0.032, 401, 320, 2, 0.206]
Poblacion :  [3, 658, 58, 0.037, 509, 88, 5, 0.456]
Poblacion :  [5, 410, 24, 0.019, 235, 141, 1, 0.057]
Poblacion :  [3, 738, 83, 0.043, 365, 34, 5, 0.15]
Poblacion :  [2, 179, 33, 0.023, 114, 13, 3, 0.424]
Coordenadas:   [[-76.48238759737782, 3.489375793123879, 75]]
Coordenadas:   [[-76.47854573320144, 3.494654397886616, 75]]
Coordenadas:   [[-76.47976633126989, 3.493287772384862, 75]]
Coordenadas:   [[-76.48439243547112, 3.4912843527452813, 75]]
Coordenadas:   [[-76.48911686433348, 3.49874395281196, 75]]
Coordenadas:   [[-76.48784197983038, 3.4933598870081126, 75]]
Coordenadas:   [[-76.48207769530697, 3.4943224896131886, 75]]
Coordenadas:   [[-76.48727802738732, 3.5005615101516483, 75]]
Coordenadas:   [[-76.47947303923934, 3.4923392247101086, 75]]
Coordenadas:   [[-76.48395871827933, 3.4942820701605934, 75]]
Poblaciones Evaluadas
Mejor individuo de la poblacion:
[5, 781, 74, 0.049, 755, 357, 4, 0.068] [75, 1553.9401619434357]
Generacion #:  17
Poblaciones nuevas
Poblacion :  [5, 781, 74, 0.023, 793, 123, 3, 0.129]
Poblacion :  [5, 953, 92, 0.049, 755, 357, 4, 0.068]
Poblacion :  [4, 962, 68, 0.026, 468, 283, 5, 0.178]
Poblacion :  [3, 974, 95, 0.035, 167, 334, 2, 0.41]
Poblacion :  [5, 947, 55, 0.009, 534, 163, 5, 0.221]
Poblacion :  [3, 21, 59, 0.042, 4, 3, 5, 0.443]
Poblacion :  [5, 742, 82, 0.044, 209, 307, 2, 0.222]
Poblacion :  [5, 285, 47, 0.009, 133, 75, 5, 0.172]
Poblacion :  [5, 988, 49, 0.044, 277, 158, 5, 0.159]
Poblacion :  [4, 695, 58, 0.002, 431, 171, 2, 0.243]
Coordenadas:   [[-76.48657323985631, 3.499445964144904, 75]]
Coordenadas:   [[-76.47973726769577, 3.485021274618203, 75]]
Coordenadas:   [[-76.47607386779396, 3.4902734845396446, 75]]
Coordenadas:   [[-76.4807272975058, 3.487931001861801, 75]]
Coordenadas:   [[-76.49214676170598, 3.5017519230869794, 75]]
Coordenadas:   [[-76.54018898451712, 3.487949037460141, 69]]
Coordenadas:   [[-76.49208980414829, 3.5019775441457375, 75]]
Coordenadas:   [[-76.48389806200959, 3.4996605637571756, 75]]
Coordenadas:   [[-76.48372031821972, 3.4929696070901657, 75]]
Coordenadas:   [[-76.48077191275476, 3.496268421458383, 75]]
Poblaciones Evaluadas
Mejor individuo de la poblacion:
[5, 953, 92, 0.049, 755, 357, 4, 0.068] [75, 2053.5452592372894]
Generacion #:  18
Poblaciones nuevas
Poblacion :  [5, 953, 92, 0.049, 755, 357, 2, 0.222]
Poblacion :  [5, 742, 82, 0.044, 209, 307, 4, 0.068]
Poblacion :  [4, 962, 74, 0.023, 793, 123, 3, 0.129]
Poblacion :  [5, 781, 68, 0.026, 468, 283, 5, 0.178]
Poblacion :  [3, 974, 95, 0.035, 167, 334, 2, 0.41]
Poblacion :  [5, 533, 27, 0.02, 252, 14, 3, 0.3]
Poblacion :  [4, 434, 33, 0.008, 241, 80, 4, 0.172]
Poblacion :  [2, 36, 87, 0.036, 31, 6, 3, 0.377]
Poblacion :  [1, 906, 57, 0.037, 198, 327, 1, 0.086]
Poblacion :  [2, 820, 58, 0.023, 733, 396, 2, 0.353]
Coordenadas:   [[-76.49176262802835, 3.451978686924834, 78]]
Coordenadas:   [[-76.47582750361242, 3.4889109112722285, 75]]
Coordenadas:   [[-76.48246680916532, 3.4938578830882694, 75]]
Coordenadas:   [[-76.48066423484381, 3.495880986593297, 75]]
Coordenadas:   [[-76.48823633760223, 3.5005812552869413, 75]]
Coordenadas:   [[-76.48373403581535, 3.495566269547267, 75]]
Coordenadas:   [[-76.48438485243868, 3.5001108210360194, 75]]
Coordenadas:   [[-76.51706632997683, 3.349605198323644, 54]]
Coordenadas:   [[-76.48741373207339, 3.4969085011623395, 75]]
Coordenadas:   [[-76.48781811780162, 3.5024172125164026, 75]]
Poblaciones Evaluadas
Mejor individuo de la poblacion:
[5, 953, 92, 0.049, 755, 357, 2, 0.222] [78, 2056.2810428142548]
Generacion #:  19
Poblaciones nuevas
Poblacion :  [5, 953, 92, 0.026, 468, 283, 5, 0.178]
Poblacion :  [5, 781, 68, 0.049, 755, 357, 2, 0.222]
Poblacion :  [2, 974, 95, 0.035, 167, 334, 2, 0.41]
Poblacion :  [3, 820, 58, 0.023, 733, 396, 2, 0.353]
Poblacion :  [5, 742, 82, 0.044, 209, 307, 4, 0.068]
Poblacion :  [4, 298, 72, 0.035, 127, 38, 1, 0.387]
Poblacion :  [5, 969, 76, 0.017, 552, 102, 4, 0.357]
Poblacion :  [5, 350, 61, 0.007, 86, 71, 3, 0.26]
Poblacion :  [2, 221, 53, 0.046, 100, 62, 1, 0.196]
Poblacion :  [3, 513, 57, 0.04, 189, 112, 2, 0.031]
Coordenadas:   [[-76.48614145891472, 3.502018618389125, 75]]
Coordenadas:   [[-76.48667074709468, 3.5030991912773604, 75]]
Coordenadas:   [[-76.48386714838324, 3.498677604280107, 75]]
Coordenadas:   [[-76.47602867555095, 3.4895276749567294, 75]]
Coordenadas:   [[-76.4814141820922, 3.4945073411642595, 75]]
Coordenadas:   [[-76.48457433206, 3.4984562707325084, 75]]
Coordenadas:   [[-76.49160091442756, 3.4518065107866853, 78]]
Coordenadas:   [[-76.48645046077978, 3.501419479207034, 75]]
Coordenadas:   [[-76.48633222922851, 3.4954048714223522, 75]]
Coordenadas:   [[-76.48522501014695, 3.497266312165599, 75]]
Poblaciones Evaluadas
Mejor individuo de la poblacion:
[5, 969, 76, 0.017, 552, 102, 4, 0.357] [78, 889.0707802772522]
Generacion #:  20
Poblaciones nuevas
Poblacion :  [5, 969, 76, 0.017, 552, 102, 4, 0.222]
Poblacion :  [5, 781, 68, 0.049, 755, 357, 2, 0.357]
Poblacion :  [5, 953, 92, 0.044, 209, 307, 4, 0.068]
Poblacion :  [5, 742, 82, 0.026, 468, 283, 5, 0.178]
Poblacion :  [3, 820, 58, 0.023, 733, 396, 2, 0.353]
Poblacion :  [4, 659, 83, 0.032, 439, 323, 3, 0.285]
Poblacion :  [4, 895, 35, 0.031, 767, 142, 1, 0.111]
Poblacion :  [5, 530, 13, 0.033, 94, 156, 1, 0.069]
Poblacion :  [4, 751, 17, 0.024, 586, 249, 3, 0.191]
Poblacion :  [1, 318, 70, 0.005, 51, 76, 4, 0.403]
Coordenadas:   [[-76.49121937617979, 3.4999974701954617, 75]]
Coordenadas:   [[-76.47926668710898, 3.4954183713526286, 75]]
Coordenadas:   [[-76.48594564076268, 3.500343975551633, 75]]
Coordenadas:   [[-76.47832256313981, 3.4893563766820432, 75]]
Coordenadas:   [[-76.48581132351096, 3.4986518403607745, 75]]
Coordenadas:   [[-76.48976901881835, 3.502084172715575, 75]]
Coordenadas:   [[-76.49182018649755, 3.452493896463031, 78]]
Coordenadas:   [[-76.48488977839389, 3.4947861735050263, 75]]
Coordenadas:   [[-76.48450261586969, 3.4965983965552807, 75]]
Coordenadas:   [[-76.48630548712046, 3.500582043927975, 75]]
Poblaciones Evaluadas
Mejor individuo de la poblacion:
[4, 895, 35, 0.031, 767, 142, 1, 0.111] [78, 339.2050964832306]
--- Tiempo ejercucion tester: 100355.50657224655  ---
[[4, 895, 35, 0.031, 767, 142, 1, 0.111], [78, 339.2050964832306]]