Inician pruebas
Poblaciones iniciales
Poblacion:  [3, 127, 96, 0.048, 54, 43, 2, 0.041]
Poblacion:  [1, 49, 56, 0.034, 21, 4, 2, 0.236]
Poblacion:  [2, 862, 67, 0.012, 376, 85, 1, 0.206]
Poblacion:  [3, 632, 80, 0.013, 543, 187, 4, 0.492]
Poblacion:  [5, 194, 83, 0.025, 67, 46, 1, 0.072]
Poblacion:  [3, 712, 88, 0.047, 174, 185, 5, 0.212]
Poblacion:  [2, 860, 53, 0.003, 437, 213, 5, 0.279]
Poblacion:  [2, 674, 94, 0.025, 382, 281, 4, 0.37]
Poblacion:  [4, 685, 24, 0.016, 306, 47, 5, 0.046]
Poblacion:  [4, 996, 24, 0.017, 905, 158, 2, 0.346]
Coordenadas:   [[-76.53297366483152, 3.345313493419388, 87]]
Coordenadas:   [[-76.47705177196353, 3.460714128828815, 82]]
Coordenadas:   [[-76.53665331289702, 3.356420270104155, 90]]
Coordenadas:   [[-76.53592595595886, 3.355050347076337, 90]]
Coordenadas:   [[-76.48300536569766, 3.451242938873226, 88]]
Coordenadas:   [[-76.5376383320647, 3.3572566434049547, 90]]
Coordenadas:   [[-76.515541035412, 3.4945013578800377, 88]]
Coordenadas:   [[-76.48398153455203, 3.4516856295596305, 88]]
Coordenadas:   [[-76.53605139530185, 3.3550613153747744, 90]]
Coordenadas:   [[-76.53806633975776, 3.3571476129707767, 90]]
Generacion #:  1
Poblaciones nuevas
Poblacion :  [3, 632, 88, 0.047, 174, 185, 5, 0.212]
Poblacion :  [3, 712, 80, 0.013, 543, 187, 4, 0.492]
Poblacion :  [4, 996, 24, 0.017, 905, 158, 2, 0.206]
Poblacion :  [2, 862, 67, 0.012, 376, 85, 1, 0.346]
Poblacion :  [4, 685, 24, 0.016, 306, 47, 5, 0.046]
Poblacion :  [5, 415, 90, 0.023, 48, 85, 1, 0.069]
Poblacion :  [1, 71, 37, 0.031, 55, 15, 5, 0.278]
Poblacion :  [4, 957, 84, 0.034, 454, 356, 3, 0.034]
Poblacion :  [3, 103, 81, 0.047, 29, 5, 2, 0.168]
Poblacion :  [2, 21, 16, 0.006, 5, 9, 4, 0.318]
Coordenadas:   [[-76.48457284512216, 3.4393412658598184, 88]]
Coordenadas:   [[-76.53590246712808, 3.354936059210233, 90]]
Coordenadas:   [[-76.53749033280741, 3.355970836461658, 90]]
Coordenadas:   [[-76.48509809577618, 3.4507583601450875, 88]]
Coordenadas:   [[-76.50862066991887, 3.500131669045749, 88]]
Coordenadas:   [[-76.51522938025926, 3.499181165710783, 88]]
Coordenadas:   [[-76.49052330225234, 3.45730478746018, 85]]
Coordenadas:   [[-76.53663051938656, 3.3540296355629593, 90]]
Coordenadas:   [[-76.47919299273106, 3.4489987742080386, 88]]
Coordenadas:   [[-76.51292187383689, 3.495625626371669, 88]]
Poblaciones Evaluadas
Poblacion :  [3, 632, 88, 0.047, 174, 185, 5, 0.212] Valor Aptitud :  [88, 144.5304775238037]
Poblacion :  [3, 712, 80, 0.013, 543, 187, 4, 0.492] Valor Aptitud :  [90, 244.5368173122406]
Poblacion :  [4, 996, 24, 0.017, 905, 158, 2, 0.206] Valor Aptitud :  [90, 127.013427734375]
Poblacion :  [2, 862, 67, 0.012, 376, 85, 1, 0.346] Valor Aptitud :  [88, 78.75199031829834]
Poblacion :  [4, 685, 24, 0.016, 306, 47, 5, 0.046] Valor Aptitud :  [88, 40.53616189956665]
Poblacion :  [5, 415, 90, 0.023, 48, 85, 1, 0.069] Valor Aptitud :  [88, 109.37144184112549]
Poblacion :  [1, 71, 37, 0.031, 55, 15, 5, 0.278] Valor Aptitud :  [85, 1.5938084125518799]
Poblacion :  [4, 957, 84, 0.034, 454, 356, 3, 0.034] Valor Aptitud :  [90, 763.9452481269836]
Poblacion :  [3, 103, 81, 0.047, 29, 5, 2, 0.168] Valor Aptitud :  [88, 14.141441822052002]
Poblacion :  [2, 21, 16, 0.006, 5, 9, 4, 0.318] Valor Aptitud :  [88, 0.47913479804992676]
Mejor individuo de la poblacion:
[4, 957, 84, 0.034, 454, 356, 3, 0.034] [90, 763.9452481269836]
Generacion #:  2
Poblaciones nuevas
Poblacion :  [4, 957, 84, 0.034, 454, 187, 4, 0.492]
Poblacion :  [3, 712, 80, 0.013, 543, 356, 3, 0.034]
Poblacion :  [4, 996, 24, 0.047, 174, 185, 5, 0.212]
Poblacion :  [3, 632, 88, 0.017, 905, 158, 2, 0.206]
Poblacion :  [5, 415, 90, 0.023, 48, 85, 1, 0.069]
Poblacion :  [5, 642, 37, 0.032, 183, 284, 5, 0.157]
Poblacion :  [4, 166, 50, 0.016, 116, 69, 5, 0.022]
Poblacion :  [4, 388, 33, 0.015, 293, 159, 5, 0.436]
Poblacion :  [5, 32, 65, 0.022, 17, 3, 5, 0.37]
Poblacion :  [3, 859, 87, 0.044, 174, 280, 2, 0.044]
Coordenadas:   [[-76.50977058423568, 3.5027932238556363, 88]]
Coordenadas:   [[-76.47642488751204, 3.4424050444658176, 88]]
Coordenadas:   [[-76.53734722660874, 3.353856736156063, 90]]
Coordenadas:   [[-76.53709015419314, 3.354700572062, 90]]
Coordenadas:   [[-76.53724659775179, 3.354183228186653, 90]]
Coordenadas:   [[-76.5093394675723, 3.4983812205702813, 88]]
Coordenadas:   [[-76.51134682730542, 3.501552688269687, 88]]
Coordenadas:   [[-76.48210358627875, 3.436896011637526, 88]]
Coordenadas:   [[-76.51428674756882, 3.4998870228936, 88]]
Coordenadas:   [[-76.5360706018679, 3.3555166905551603, 90]]
Poblaciones Evaluadas
Mejor individuo de la poblacion:
[3, 632, 88, 0.017, 905, 158, 2, 0.206] [90, 295.93317008018494]
Generacion #:  3
Poblaciones nuevas
Poblacion :  [3, 632, 88, 0.017, 905, 158, 2, 0.044]
Poblacion :  [3, 859, 87, 0.044, 174, 280, 2, 0.206]
Poblacion :  [5, 415, 90, 0.047, 174, 185, 5, 0.212]
Poblacion :  [4, 996, 24, 0.023, 48, 85, 1, 0.069]
Poblacion :  [3, 712, 80, 0.013, 543, 356, 3, 0.034]
Poblacion :  [2, 802, 11, 0.025, 464, 131, 1, 0.366]
Poblacion :  [4, 661, 71, 0.032, 92, 123, 4, 0.049]
Poblacion :  [5, 184, 68, 0.005, 94, 12, 5, 0.193]
Poblacion :  [3, 692, 15, 0.028, 570, 335, 4, 0.144]
Poblacion :  [4, 993, 56, 0.041, 522, 134, 5, 0.029]
Coordenadas:   [[-76.53723570552806, 3.353801688844342, 90]]
Coordenadas:   [[-76.53672658511078, 3.3557105444449395, 90]]
Coordenadas:   [[-76.48756202541873, 3.450836924565832, 88]]
Coordenadas:   [[-76.47458033324729, 3.4365151186134666, 88]]
Coordenadas:   [[-76.47398737616237, 3.441748255538457, 88]]
Coordenadas:   [[-76.4828997637824, 3.4411712871779585, 88]]
Coordenadas:   [[-76.53733200215126, 3.354872234791393, 90]]
Coordenadas:   [[-76.48586399349648, 3.452344581806767, 88]]
Coordenadas:   [[-76.51494074431362, 3.4999056454667357, 88]]
Coordenadas:   [[-76.51131340756979, 3.5015700664361487, 88]]
Poblaciones Evaluadas
Mejor individuo de la poblacion:
[3, 632, 88, 0.017, 905, 158, 2, 0.044] [90, 295.5604293346405]
Generacion #:  4
Poblaciones nuevas
Poblacion :  [3, 632, 87, 0.044, 174, 280, 2, 0.206]
Poblacion :  [3, 859, 88, 0.017, 905, 158, 2, 0.044]
Poblacion :  [4, 712, 80, 0.013, 543, 356, 3, 0.034]
Poblacion :  [3, 661, 71, 0.032, 92, 123, 4, 0.049]
Poblacion :  [4, 993, 56, 0.041, 522, 134, 5, 0.029]
Poblacion :  [1, 347, 88, 0.001, 64, 48, 3, 0.123]
Poblacion :  [4, 416, 30, 0.006, 157, 104, 4, 0.05]
Poblacion :  [2, 429, 28, 0.016, 155, 66, 4, 0.424]
Poblacion :  [1, 280, 68, 0.05, 216, 7, 4, 0.17]
Poblacion :  [1, 454, 40, 0.018, 115, 202, 2, 0.145]
Coordenadas:   [[-76.48045204144029, 3.4393622852773347, 88]]
Coordenadas:   [[-76.537956328591, 3.3568006013106713, 90]]
Coordenadas:   [[-76.5374379034068, 3.3564525127625164, 90]]
Coordenadas:   [[-76.48212404696875, 3.450387542934507, 88]]
Coordenadas:   [[-76.53696570607259, 3.354259660633896, 90]]
Coordenadas:   [[-76.47979524099956, 3.441583207493959, 88]]
Coordenadas:   [[-76.53555902337926, 3.3553176284748623, 90]]
Coordenadas:   [[-76.48645698988167, 3.4513100867615156, 88]]
Coordenadas:   [[-76.47633772541478, 3.4440115302902905, 88]]
Coordenadas:   [[-76.4841210078766, 3.447072338860099, 88]]
Poblaciones Evaluadas
Mejor individuo de la poblacion:
[4, 712, 80, 0.013, 543, 356, 3, 0.034] [90, 802.3160674571991]
Generacion #:  5
Poblaciones nuevas
Poblacion :  [4, 712, 80, 0.013, 543, 158, 2, 0.044]
Poblacion :  [3, 859, 88, 0.017, 905, 356, 3, 0.034]
Poblacion :  [4, 993, 56, 0.041, 157, 104, 4, 0.05]
Poblacion :  [4, 416, 30, 0.006, 522, 134, 5, 0.029]
Poblacion :  [3, 632, 87, 0.044, 174, 280, 2, 0.206]
Poblacion :  [3, 315, 20, 0.009, 187, 47, 2, 0.125]
Poblacion :  [1, 92, 24, 0.044, 73, 36, 3, 0.441]
Poblacion :  [2, 97, 17, 0.049, 93, 4, 1, 0.347]
Poblacion :  [1, 716, 69, 0.021, 654, 165, 1, 0.196]
Poblacion :  [3, 497, 25, 0.018, 273, 36, 3, 0.055]
Coordenadas:   [[-76.53743258876658, 3.354009802562325, 90]]
Coordenadas:   [[-76.53767841949842, 3.3541850128019193, 90]]
Coordenadas:   [[-76.53693286473398, 3.3547173992255095, 90]]
Coordenadas:   [[-76.50966287186652, 3.49912232054456, 88]]
Coordenadas:   [[-76.5365592049759, 3.353947577501054, 90]]
Coordenadas:   [[-76.48237634765715, 3.4481111974755474, 88]]
Coordenadas:   [[-76.47689996201204, 3.4337586823657946, 88]]
Coordenadas:   [[-76.47963421098969, 3.443411132535759, 88]]
Coordenadas:   [[-76.47890068548459, 3.4336155408466595, 88]]
Coordenadas:   [[-76.48438827385169, 3.439289073381902, 88]]
Poblaciones Evaluadas
Mejor individuo de la poblacion:
[3, 859, 88, 0.017, 905, 356, 3, 0.034] [90, 1049.0980596542358]
Generacion #:  6
Poblaciones nuevas
Poblacion :  [3, 712, 80, 0.013, 543, 158, 2, 0.044]
Poblacion :  [4, 859, 88, 0.017, 905, 356, 3, 0.034]
Poblacion :  [3, 632, 87, 0.041, 157, 104, 4, 0.05]
Poblacion :  [4, 993, 56, 0.044, 174, 280, 2, 0.206]
Poblacion :  [1, 716, 69, 0.021, 654, 165, 1, 0.196]
Poblacion :  [4, 629, 83, 0.003, 515, 14, 1, 0.023]
Poblacion :  [3, 352, 30, 0.022, 38, 64, 3, 0.159]
Poblacion :  [4, 686, 68, 0.008, 442, 13, 4, 0.333]
Poblacion :  [3, 467, 81, 0.044, 281, 198, 1, 0.358]
Poblacion :  [3, 850, 34, 0.045, 92, 264, 5, 0.159]
Coordenadas:   [[-76.47401155859092, 3.4391864360099818, 88]]
Coordenadas:   [[-76.53729711489363, 3.3555261781852224, 90]]
Coordenadas:   [[-76.53668540614342, 3.3559542542040575, 90]]
Coordenadas:   [[-76.47702327512162, 3.4346864071745324, 88]]
Coordenadas:   [[-76.48433590603412, 3.4500277144721125, 88]]
Coordenadas:   [[-76.48016187777502, 3.4361554703043358, 88]]
Coordenadas:   [[-76.51704457360225, 3.49706172248588, 88]]
Coordenadas:   [[-76.5125020306642, 3.4967331011536245, 88]]
Coordenadas:   [[-76.47342199127593, 3.4407479609201954, 88]]
Coordenadas:   [[-76.48863240441626, 3.4501225432551754, 88]]
Poblaciones Evaluadas
Mejor individuo de la poblacion:
[4, 859, 88, 0.017, 905, 356, 3, 0.034] [90, 1399.8527040481567]
Generacion #:  7
Poblaciones nuevas
Poblacion :  [4, 859, 88, 0.017, 905, 356, 4, 0.05]
Poblacion :  [3, 632, 87, 0.041, 157, 104, 3, 0.034]
Poblacion :  [4, 993, 80, 0.013, 543, 158, 2, 0.044]
Poblacion :  [3, 712, 56, 0.044, 174, 280, 2, 0.206]
Poblacion :  [3, 467, 81, 0.044, 281, 198, 1, 0.358]
Poblacion :  [5, 190, 80, 0.042, 148, 14, 2, 0.432]
Poblacion :  [4, 652, 67, 0.018, 502, 252, 3, 0.077]
Poblacion :  [2, 461, 59, 0.033, 46, 31, 2, 0.216]
Poblacion :  [1, 845, 60, 0.03, 514, 142, 4, 0.207]
Poblacion :  [3, 678, 78, 0.006, 174, 107, 2, 0.035]
Coordenadas:   [[-76.47608533802848, 3.4426299731635797, 88]]
Coordenadas:   [[-76.53702423804583, 3.3554747440542316, 90]]
Coordenadas:   [[-76.53745867394957, 3.35508208589282, 90]]
Coordenadas:   [[-76.48095895237107, 3.437545884200762, 88]]
Coordenadas:   [[-76.4781407371145, 3.442572654952713, 88]]
Coordenadas:   [[-76.48985938350935, 3.451364452824966, 88]]
Coordenadas:   [[-76.48408510260755, 3.4486781738426036, 88]]
Coordenadas:   [[-76.53686917873735, 3.3557187618486304, 90]]
Coordenadas:   [[-76.48009031084077, 3.449823945006537, 88]]
Coordenadas:   [[-76.53595501295992, 3.3549702822130874, 90]]
Poblaciones Evaluadas
Mejor individuo de la poblacion:
[4, 993, 80, 0.013, 543, 158, 2, 0.044] [90, 321.2415843009949]
Generacion #:  8
Poblaciones nuevas
Poblacion :  [4, 993, 80, 0.013, 543, 158, 2, 0.034]
Poblacion :  [3, 632, 87, 0.041, 157, 104, 3, 0.044]
Poblacion :  [3, 678, 59, 0.033, 46, 31, 2, 0.216]
Poblacion :  [2, 461, 78, 0.006, 174, 107, 2, 0.035]
Poblacion :  [4, 859, 88, 0.017, 905, 356, 4, 0.05]
Poblacion :  [5, 816, 36, 0.037, 671, 18, 5, 0.226]
Poblacion :  [5, 906, 10, 0.037, 676, 107, 4, 0.229]
Poblacion :  [4, 362, 32, 0.014, 87, 14, 1, 0.227]
Poblacion :  [5, 565, 68, 0.01, 509, 220, 3, 0.47]
Poblacion :  [5, 245, 76, 0.045, 42, 37, 5, 0.091]
Coordenadas:   [[-76.5367843946954, 3.3542340939148905, 90]]
Coordenadas:   [[-76.47621494929739, 3.44323922078907, 88]]
Coordenadas:   [[-76.49133210768755, 3.4539977729554545, 88]]
Coordenadas:   [[-76.47311588870717, 3.4370135165043862, 88]]
Coordenadas:   [[-76.47894827746993, 3.437013007472926, 88]]
Coordenadas:   [[-76.48353370931628, 3.43723438747547, 88]]
Coordenadas:   [[-76.53639112672474, 3.3543875683124127, 90]]
Coordenadas:   [[-76.47809437676668, 3.4375320303677506, 88]]
Coordenadas:   [[-76.51259184033171, 3.501049068217243, 88]]
Coordenadas:   [[-76.51072756272495, 3.502639298564738, 88]]
Poblaciones Evaluadas
Mejor individuo de la poblacion:
[4, 993, 80, 0.013, 543, 158, 2, 0.034] [90, 322.4053032398224]
Generacion #:  9
Poblaciones nuevas
Poblacion :  [4, 993, 80, 0.037, 676, 107, 4, 0.229]
Poblacion :  [5, 906, 10, 0.013, 543, 158, 2, 0.034]
Poblacion :  [4, 859, 88, 0.017, 509, 220, 3, 0.47]
Poblacion :  [5, 565, 68, 0.01, 905, 356, 4, 0.05]
Poblacion :  [3, 632, 87, 0.041, 157, 104, 3, 0.044]
Poblacion :  [2, 552, 14, 0.016, 255, 245, 1, 0.169]
Poblacion :  [2, 115, 29, 0.016, 64, 42, 2, 0.15]
Poblacion :  [4, 520, 40, 0.037, 287, 250, 1, 0.491]
Poblacion :  [5, 517, 16, 0.043, 375, 41, 3, 0.396]
Poblacion :  [1, 992, 73, 0.012, 361, 393, 5, 0.355]
Coordenadas:   [[-76.53678593823508, 3.3542814401344483, 90]]
Coordenadas:   [[-76.53716490452902, 3.3549560653461947, 90]]
Coordenadas:   [[-76.48078923960765, 3.436855760514641, 88]]
Coordenadas:   [[-76.51056349208241, 3.4973589975171486, 88]]
Coordenadas:   [[-76.48965694878883, 3.4524817969734602, 88]]
Coordenadas:   [[-76.51478015664458, 3.498919264727414, 88]]
Coordenadas:   [[-76.5357871850585, 3.3534056952062867, 87]]
Coordenadas:   [[-76.5372415456749, 3.3567005238361465, 90]]
Coordenadas:   [[-76.53763973110777, 3.3557456181546472, 90]]
Coordenadas:   [[-76.51257266074732, 3.499937741079846, 88]]
Poblaciones Evaluadas
Mejor individuo de la poblacion:
[4, 993, 80, 0.037, 676, 107, 4, 0.229] [90, 265.8199760913849]
Generacion #:  10
Poblaciones nuevas
Poblacion :  [4, 993, 80, 0.037, 676, 107, 1, 0.491]
Poblacion :  [4, 520, 40, 0.037, 287, 250, 4, 0.229]
Poblacion :  [5, 906, 16, 0.043, 375, 41, 3, 0.396]
Poblacion :  [5, 517, 10, 0.013, 543, 158, 2, 0.034]
Poblacion :  [5, 565, 68, 0.01, 905, 356, 4, 0.05]
Poblacion :  [1, 771, 87, 0.043, 217, 137, 4, 0.047]
Poblacion :  [1, 488, 56, 0.029, 105, 145, 5, 0.208]
Poblacion :  [2, 367, 18, 0.003, 234, 59, 3, 0.347]
Poblacion :  [4, 488, 76, 0.003, 91, 34, 5, 0.142]
Poblacion :  [2, 292, 55, 0.015, 221, 58, 2, 0.28]
Coordenadas:   [[-76.53669926197506, 3.3564513527883983, 90]]
Coordenadas:   [[-76.48031527125701, 3.4372478480444864, 88]]
Coordenadas:   [[-76.53640523423682, 3.3542159788228916, 90]]
Coordenadas:   [[-76.53621508750417, 3.3550602684252073, 90]]
Coordenadas:   [[-76.53594274834067, 3.354655985890749, 90]]
Coordenadas:   [[-76.53662698322181, 3.355622845546993, 90]]
Coordenadas:   [[-76.49180842591706, 3.4536204847957044, 88]]
Coordenadas:   [[-76.51069787398487, 3.496434336200245, 88]]
Coordenadas:   [[-76.47606532172342, 3.4407903137198343, 88]]
Coordenadas:   [[-76.5170236091143, 3.4976585124492248, 88]]
Poblaciones Evaluadas
Mejor individuo de la poblacion:
[5, 565, 68, 0.01, 905, 356, 4, 0.05] [90, 1306.397617816925]
Generacion #:  11
Poblaciones nuevas
Poblacion :  [5, 565, 68, 0.037, 676, 107, 1, 0.491]
Poblacion :  [4, 993, 80, 0.01, 905, 356, 4, 0.05]
Poblacion :  [1, 771, 87, 0.043, 217, 137, 3, 0.396]
Poblacion :  [5, 906, 16, 0.043, 375, 41, 4, 0.047]
Poblacion :  [5, 517, 10, 0.013, 543, 158, 2, 0.034]
Poblacion :  [5, 17, 59, 0.046, 7, 6, 1, 0.052]
Poblacion :  [1, 780, 83, 0.03, 463, 352, 1, 0.498]
Poblacion :  [3, 590, 73, 0.021, 44, 177, 5, 0.216]
Poblacion :  [3, 831, 57, 0.037, 629, 161, 4, 0.293]
Poblacion :  [4, 266, 38, 0.022, 146, 43, 1, 0.186]
Coordenadas:   [[-76.53592684106911, 3.3548231315679535, 90]]
Coordenadas:   [[-76.48067532317175, 3.4414255800567686, 88]]
Coordenadas:   [[-76.49609285106541, 3.4568314314407074, 88]]
Coordenadas:   [[-76.5369035727465, 3.356767383763845, 90]]
Coordenadas:   [[-76.53702872208959, 3.356478843240171, 90]]
Coordenadas:   [[-76.47785117741068, 3.4451443626371585, 88]]
Coordenadas:   [[-76.4734341881556, 3.437509688412776, 88]]
Coordenadas:   [[-76.53631122463302, 3.3550923526531253, 90]]
Coordenadas:   [[-76.53787114323849, 3.3573087669475177, 90]]
Coordenadas:   [[-76.48319583229207, 3.4438038413850407, 88]]
Poblaciones Evaluadas
Mejor individuo de la poblacion:
[5, 565, 68, 0.037, 676, 107, 1, 0.491] [90, 205.36269307136536]
Generacion #:  12
Poblaciones nuevas
Poblacion :  [5, 565, 68, 0.037, 629, 161, 4, 0.293]
Poblacion :  [3, 831, 57, 0.037, 676, 107, 1, 0.491]
Poblacion :  [3, 590, 16, 0.043, 375, 41, 4, 0.047]
Poblacion :  [5, 906, 73, 0.021, 44, 177, 5, 0.216]
Poblacion :  [5, 517, 10, 0.013, 543, 158, 2, 0.034]
Poblacion :  [1, 470, 44, 0.044, 404, 214, 1, 0.171]
Poblacion :  [1, 294, 24, 0.006, 105, 86, 1, 0.036]
Poblacion :  [3, 901, 74, 0.04, 458, 295, 1, 0.013]
Poblacion :  [1, 178, 87, 0.041, 126, 54, 4, 0.472]
Poblacion :  [4, 174, 73, 0.009, 123, 86, 2, 0.113]
Coordenadas:   [[-76.53644712852352, 3.35518630814867, 90]]
Coordenadas:   [[-76.51661796041493, 3.497135753861868, 88]]
Coordenadas:   [[-76.48503726052012, 3.446467873933769, 88]]
Coordenadas:   [[-76.53676316851033, 3.355285243980033, 90]]
Coordenadas:   [[-76.51374932282413, 3.499099552510217, 88]]
Coordenadas:   [[-76.48225711823667, 3.4351406933210757, 88]]
Coordenadas:   [[-76.51794605851605, 3.495396176063961, 88]]
Coordenadas:   [[-76.53757737853272, 3.354716473778682, 90]]
Coordenadas:   [[-76.47528593791613, 3.4409737036795973, 88]]
Coordenadas:   [[-76.47263819601712, 3.4366522638939534, 88]]
Poblaciones Evaluadas
Mejor individuo de la poblacion:
[3, 901, 74, 0.04, 458, 295, 1, 0.013] [90, 388.09045481681824]
Generacion #:  13
Poblaciones nuevas
Poblacion :  [3, 901, 74, 0.04, 458, 295, 4, 0.293]
Poblacion :  [5, 565, 68, 0.037, 629, 161, 1, 0.013]
Poblacion :  [5, 906, 73, 0.021, 676, 107, 1, 0.491]
Poblacion :  [3, 831, 57, 0.037, 44, 177, 5, 0.216]
Poblacion :  [5, 517, 10, 0.013, 543, 158, 2, 0.034]
Poblacion :  [3, 180, 26, 0.006, 136, 45, 2, 0.361]
Poblacion :  [3, 51, 45, 0.003, 51, 5, 4, 0.496]
Poblacion :  [5, 840, 10, 0.033, 146, 199, 3, 0.435]
Poblacion :  [5, 671, 99, 0.039, 470, 16, 2, 0.066]
Poblacion :  [3, 777, 41, 0.046, 737, 271, 1, 0.261]
Coordenadas:   [[-76.53802658826366, 3.3564275640303594, 90]]
Coordenadas:   [[-76.48293428203577, 3.441606316517078, 88]]
Coordenadas:   [[-76.53614249200778, 3.3552785705801207, 90]]
Coordenadas:   [[-76.5127664466115, 3.4984266655916922, 88]]
Coordenadas:   [[-76.53741817524647, 3.3550033224804006, 90]]
Coordenadas:   [[-76.4760423331187, 3.444610501451879, 88]]
Coordenadas:   [[-76.50926864682762, 3.502948003933511, 88]]
Coordenadas:   [[-76.4907787760389, 3.4528164354863033, 88]]
Coordenadas:   [[-76.53789563795605, 3.357171656424399, 90]]
Coordenadas:   [[-76.47434521247867, 3.4356737319511015, 88]]
Poblaciones Evaluadas
Mejor individuo de la poblacion:
[3, 901, 74, 0.04, 458, 295, 4, 0.293] [90, 384.8398241996765]
Generacion #:  14
Poblaciones nuevas
Poblacion :  [3, 901, 74, 0.021, 676, 107, 1, 0.491]
Poblacion :  [5, 906, 73, 0.04, 458, 295, 4, 0.293]
Poblacion :  [5, 671, 10, 0.013, 543, 158, 2, 0.034]
Poblacion :  [5, 517, 99, 0.039, 470, 16, 2, 0.066]
Poblacion :  [5, 565, 68, 0.037, 629, 161, 1, 0.013]
Poblacion :  [5, 31, 99, 0.003, 22, 6, 5, 0.413]
Poblacion :  [4, 70, 12, 0.022, 57, 2, 3, 0.389]
Poblacion :  [1, 915, 15, 0.049, 381, 341, 2, 0.036]
Poblacion :  [2, 42, 56, 0.013, 31, 3, 4, 0.036]
Poblacion :  [4, 488, 93, 0.032, 193, 22, 5, 0.089]
Coordenadas:   [[-76.49011869715328, 3.450409186975511, 88]]
Coordenadas:   [[-76.51697698000255, 3.494173126241101, 88]]
Coordenadas:   [[-76.53680901671139, 3.353919244672723, 90]]
Coordenadas:   [[-76.53709099660165, 3.353907116171246, 90]]
Coordenadas:   [[-76.53698195107398, 3.356714607023234, 90]]
Coordenadas:   [[-76.532591477023, 3.3505536432818923, 87]]
Coordenadas:   [[-76.514478037394, 3.498342587650153, 88]]
Coordenadas:   [[-76.48068653540244, 3.4475127177639435, 88]]
Coordenadas:   [[-76.50635130023792, 3.501808130864904, 88]]
Coordenadas:   [[-76.53614383093719, 3.3558127028574907, 90]]
Poblaciones Evaluadas
Mejor individuo de la poblacion:
[5, 565, 68, 0.037, 629, 161, 1, 0.013] [90, 295.6760821342468]
Generacion #:  15
Poblaciones nuevas
Poblacion :  [5, 517, 99, 0.039, 470, 16, 2, 0.066]
Poblacion :  [5, 565, 68, 0.037, 629, 161, 1, 0.013]
Poblacion :  [4, 488, 93, 0.032, 193, 22, 2, 0.034]
Poblacion :  [5, 671, 10, 0.013, 543, 158, 5, 0.089]
Poblacion :  [5, 906, 73, 0.04, 458, 295, 4, 0.293]
Poblacion :  [5, 242, 19, 0.006, 48, 2, 3, 0.241]
Poblacion :  [2, 489, 66, 0.04, 175, 103, 4, 0.047]
Poblacion :  [3, 619, 36, 0.049, 378, 40, 1, 0.054]
Poblacion :  [4, 349, 79, 0.028, 305, 113, 4, 0.237]
Poblacion :  [5, 38, 41, 0.01, 25, 15, 4, 0.396]
Coordenadas:   [[-76.53794297776929, 3.3548052613837953, 90]]
Coordenadas:   [[-76.47695380794364, 3.4349129330774075, 88]]
Coordenadas:   [[-76.51090531145536, 3.502867627176448, 88]]
Coordenadas:   [[-76.48031731832879, 3.439250440917387, 88]]
Coordenadas:   [[-76.50799942690271, 3.500842702703579, 88]]
Coordenadas:   [[-76.48856796551489, 3.449650724332055, 88]]
Coordenadas:   [[-76.47450094475077, 3.442778814091918, 88]]
Coordenadas:   [[-76.51551374690898, 3.493835249681822, 88]]
Coordenadas:   [[-76.48435713287803, 3.4534118813354904, 88]]
Coordenadas:   [[-76.47091900555964, 3.438447033394331, 88]]
Poblaciones Evaluadas
Mejor individuo de la poblacion:
[5, 517, 99, 0.039, 470, 16, 2, 0.066] [90, 147.0608470439911]
Generacion #:  16
Poblaciones nuevas
Poblacion :  [5, 517, 73, 0.04, 458, 295, 4, 0.293]
Poblacion :  [5, 906, 99, 0.039, 470, 16, 2, 0.066]
Poblacion :  [5, 565, 68, 0.037, 305, 113, 4, 0.237]
Poblacion :  [4, 349, 79, 0.028, 629, 161, 1, 0.013]
Poblacion :  [4, 488, 93, 0.032, 193, 22, 2, 0.034]
Poblacion :  [2, 877, 71, 0.048, 169, 322, 1, 0.167]
Poblacion :  [3, 444, 57, 0.036, 414, 142, 4, 0.022]
Poblacion :  [1, 928, 98, 0.003, 244, 300, 3, 0.077]
Poblacion :  [2, 283, 21, 0.006, 38, 2, 1, 0.496]
Poblacion :  [4, 734, 71, 0.018, 235, 119, 3, 0.317]
Coordenadas:   [[-76.53645773465345, 3.354747181868031, 90]]
Coordenadas:   [[-76.53730132005053, 3.356705497066251, 90]]
Coordenadas:   [[-76.53752618032658, 3.35652387111442, 90]]
Coordenadas:   [[-76.51278026980104, 3.499248841777145, 88]]
Coordenadas:   [[-76.48129587773496, 3.4455202742339974, 88]]
Coordenadas:   [[-76.537979902483, 3.3567049804675273, 90]]
Coordenadas:   [[-76.53705891297336, 3.3548925729609427, 90]]
Coordenadas:   [[-76.48154211029076, 3.4463519031091017, 88]]
Coordenadas:   [[-76.48309594118595, 3.4399412345855818, 88]]
Coordenadas:   [[-76.49617838381319, 3.4565736585977866, 88]]
Poblaciones Evaluadas
Mejor individuo de la poblacion:
[5, 517, 73, 0.04, 458, 295, 4, 0.293] [90, 558.8511688709259]
Generacion #:  17
Poblaciones nuevas
Poblacion :  [5, 517, 73, 0.04, 470, 16, 2, 0.066]
Poblacion :  [5, 906, 99, 0.039, 458, 295, 4, 0.293]
Poblacion :  [5, 565, 68, 0.037, 305, 322, 1, 0.167]
Poblacion :  [2, 877, 71, 0.048, 169, 113, 4, 0.237]
Poblacion :  [3, 444, 57, 0.036, 414, 142, 4, 0.022]
Poblacion :  [4, 70, 30, 0.021, 41, 35, 4, 0.12]
Poblacion :  [1, 363, 41, 0.03, 155, 180, 1, 0.116]
Poblacion :  [1, 815, 72, 0.01, 600, 349, 5, 0.154]
Poblacion :  [5, 259, 35, 0.013, 24, 1, 3, 0.113]
Poblacion :  [1, 12, 32, 0.019, 12, 4, 1, 0.363]
Coordenadas:   [[-76.47545804076643, 3.444199689044432, 88]]
Coordenadas:   [[-76.53809760544573, 3.357761259801521, 90]]
Coordenadas:   [[-76.48283437951986, 3.4396185504231864, 88]]
Coordenadas:   [[-76.53611608378986, 3.354933948918864, 90]]
Coordenadas:   [[-76.53588086337652, 3.3546936700791914, 90]]
Coordenadas:   [[-76.48710606913059, 3.450227967720026, 88]]
Coordenadas:   [[-76.53695205092937, 3.356314048639802, 90]]
Coordenadas:   [[-76.51141850567818, 3.497211610414671, 88]]
Coordenadas:   [[-76.48850884698453, 3.4496479983677046, 88]]
Coordenadas:   [[-76.54236857776107, 3.3389402066138927, 74]]
Poblaciones Evaluadas
Mejor individuo de la poblacion:
[5, 906, 99, 0.039, 458, 295, 4, 0.293] [90, 862.8535413742065]
Generacion #:  18
Poblaciones nuevas
Poblacion :  [5, 906, 99, 0.039, 414, 142, 4, 0.022]
Poblacion :  [3, 444, 57, 0.036, 458, 295, 4, 0.293]
Poblacion :  [2, 877, 71, 0.048, 169, 113, 4, 0.116]
Poblacion :  [1, 363, 41, 0.03, 155, 180, 1, 0.237]
Poblacion :  [5, 565, 68, 0.037, 305, 322, 1, 0.167]
Poblacion :  [1, 172, 97, 0.038, 54, 70, 2, 0.371]
Poblacion :  [3, 75, 32, 0.006, 69, 17, 1, 0.348]
Poblacion :  [2, 634, 55, 0.022, 217, 293, 4, 0.31]
Poblacion :  [2, 142, 49, 0.039, 28, 26, 2, 0.028]
Poblacion :  [2, 852, 74, 0.033, 540, 414, 3, 0.193]
Coordenadas:   [[-76.53761346094933, 3.3558355680707734, 90]]
Coordenadas:   [[-76.47874138950306, 3.440965059843978, 88]]
Coordenadas:   [[-76.53601715437225, 3.355008883077683, 90]]
Coordenadas:   [[-76.47955547873713, 3.448448894834804, 88]]
Coordenadas:   [[-76.51578821243216, 3.498542566257104, 88]]
Coordenadas:   [[-76.51395337462388, 3.498419746718526, 88]]
Coordenadas:   [[-76.47561269866314, 3.4392420613452055, 88]]
Coordenadas:   [[-76.53611685245015, 3.354633047116116, 90]]
Coordenadas:   [[-76.48818297469694, 3.4492047583100627, 88]]
Coordenadas:   [[-76.47122650917308, 3.439942918272119, 88]]
Poblaciones Evaluadas
Mejor individuo de la poblacion:
[5, 906, 99, 0.039, 414, 142, 4, 0.022] [90, 388.95077109336853]
Generacion #:  19
Poblaciones nuevas
Poblacion :  [5, 634, 55, 0.022, 217, 293, 4, 0.31]
Poblacion :  [2, 906, 99, 0.039, 414, 142, 4, 0.022]
Poblacion :  [2, 877, 71, 0.048, 169, 113, 3, 0.193]
Poblacion :  [2, 852, 74, 0.033, 540, 414, 4, 0.116]
Poblacion :  [5, 565, 68, 0.037, 305, 322, 1, 0.167]
Poblacion :  [4, 174, 16, 0.016, 124, 8, 2, 0.476]
Poblacion :  [3, 443, 83, 0.001, 229, 43, 3, 0.077]
Poblacion :  [3, 931, 57, 0.042, 792, 182, 1, 0.129]
Poblacion :  [2, 963, 45, 0.007, 635, 345, 5, 0.442]
Poblacion :  [5, 774, 28, 0.008, 247, 287, 4, 0.306]
Coordenadas:   [[-76.51245763949191, 3.5020171993100657, 88]]
Coordenadas:   [[-76.48153805999296, 3.442176822401712, 88]]
Coordenadas:   [[-76.53718688343433, 3.3539712531228543, 90]]
Coordenadas:   [[-76.48300747269887, 3.452013238069073, 88]]
Coordenadas:   [[-76.53662331806161, 3.3549598594536176, 90]]
Coordenadas:   [[-76.53777880767889, 3.355562137762357, 90]]
Coordenadas:   [[-76.53776642631502, 3.3546052277497536, 90]]
Coordenadas:   [[-76.5369473650029, 3.3559491691850223, 90]]
Coordenadas:   [[-76.47399730018009, 3.4405832055644203, 88]]
Coordenadas:   [[-76.53755162472213, 3.354329607837208, 90]]
Poblaciones Evaluadas
Mejor individuo de la poblacion:
[5, 565, 68, 0.037, 305, 322, 1, 0.167] [90, 439.4854655265808]
Generacion #:  20
Poblaciones nuevas
Poblacion :  [5, 931, 57, 0.042, 792, 182, 1, 0.129]
Poblacion :  [3, 565, 68, 0.037, 305, 322, 1, 0.167]
Poblacion :  [5, 774, 28, 0.008, 247, 113, 3, 0.193]
Poblacion :  [2, 877, 71, 0.048, 169, 287, 4, 0.306]
Poblacion :  [3, 443, 83, 0.001, 229, 43, 3, 0.077]
Poblacion :  [5, 336, 47, 0.023, 65, 166, 5, 0.443]
Poblacion :  [4, 771, 76, 0.031, 429, 287, 3, 0.438]
Poblacion :  [1, 870, 34, 0.01, 648, 193, 5, 0.015]
Poblacion :  [4, 64, 60, 0.01, 62, 5, 2, 0.094]
Poblacion :  [4, 490, 69, 0.029, 128, 14, 4, 0.243]
Coordenadas:   [[-76.53793503237098, 3.357146048756302, 90]]
Coordenadas:   [[-76.53545970911846, 3.355226388610403, 90]]
Coordenadas:   [[-76.53682582471106, 3.3540479141252653, 90]]
Coordenadas:   [[-76.53788624035163, 3.355545627801468, 90]]
Coordenadas:   [[-76.53687215926908, 3.355611978957648, 90]]
Coordenadas:   [[-76.53633986349854, 3.3551748833543913, 90]]
Coordenadas:   [[-76.47431750078542, 3.44222128083403, 88]]
Coordenadas:   [[-76.48467344923796, 3.4529346380064037, 88]]
Coordenadas:   [[-76.53741376214987, 3.35467311520637, 90]]
Coordenadas:   [[-76.53761448170394, 3.3571673463045344, 90]]
Poblaciones Evaluadas
Mejor individuo de la poblacion:
[5, 931, 57, 0.042, 792, 182, 1, 0.129] [90, 397.03026604652405]
--- Tiempo ejercucion tester: 39062.837312698364  ---
[[5, 931, 57, 0.042, 792, 182, 1, 0.129], [90, 397.03026604652405]]